1-Time,2-VGERA,3-VGERB,4-VGERC,5-VN,6-IGERAN,7-IGERBN,8-IGERCN,9-IGERAT,10-IGERBT,11-IGERCT,12-IN,13-IFD,14-IFAULT,15-VFAULT,16-Speed (rad/s),17-FAULT 
0.000000,-101.535613,-105.402995,177.543182,6.253188,4.918151,-0.957922,-3.945728,-4.925376,1.079783,3.759190,-0.219765,0.564626,-0.039427,10.339678,188.796956,0
0.001042,-17.589766,-150.573495,178.404925,6.275808,4.055433,0.986684,-4.882301,-4.109359,-0.796139,4.669999,-0.238030,0.560314,-0.020755,5.951398,188.570763,0
0.002083,60.957049,-169.552596,146.988258,5.676378,2.677925,2.709049,-4.930809,-2.697871,-2.596520,4.844333,-0.216112,0.547184,-0.031958,-1.942982,188.646319,0
0.003125,118.849172,-186.115515,65.455114,4.172148,0.686219,4.356011,-4.464388,-0.727669,-4.241624,4.385371,-0.234377,0.555545,-0.039427,-5.200261,188.721630,0
0.004167,156.347479,-168.320343,-12.877273,2.690538,-0.989512,5.026702,-3.468112,0.996258,-4.992832,3.442541,-0.223418,0.556656,-0.024490,-8.480161,188.721686,0
0.005208,176.378335,-117.930893,-82.961553,1.367268,-2.981218,5.018765,-1.516606,2.903972,-4.955062,1.571114,-0.135746,0.555480,-0.054364,-9.973081,188.570852,0
0.006250,184.522250,-36.735137,-134.813826,0.394608,-4.234467,4.356011,0.263258,4.252972,-4.443065,-0.115305,-0.161317,0.557440,-0.061832,-11.217181,188.570848,0
0.007292,151.697053,33.624048,-175.081819,-0.397092,-4.898369,3.038441,2.136405,4.885201,-3.192451,-1.901344,-0.091910,0.564887,-0.039427,-10.572511,188.721501,0
0.008333,101.030104,105.541670,-177.310038,-0.453642,-4.855765,1.062087,3.815522,4.921959,-1.173841,-3.619784,-0.084604,0.561686,-0.050629,-5.528251,188.721626,0
0.009375,17.651383,150.905464,-178.147160,-0.521502,-4.010799,-0.854739,4.767021,4.105942,0.777621,-4.537709,-0.022503,0.566259,-0.046895,-0.879842,188.570924,0
0.010417,-60.793351,169.957050,-146.853599,0.089238,-2.615540,-2.600916,4.867768,2.690779,2.531838,-4.708485,-0.022503,0.565410,-0.054364,6.856198,188.570770,0
0.011458,-119.456763,186.109218,-65.603599,1.638708,-0.606082,-4.255816,4.386421,0.749983,4.164352,-4.221060,-0.059033,0.560445,-0.065566,9.174748,188.721527,0
0.012500,-156.807618,168.797283,13.270455,3.109008,1.055448,-4.914600,3.378952,-0.995999,4.865200,-3.306694,-0.077298,0.553847,-0.061832,13.608268,188.721708,0
0.013542,-176.498198,117.731302,83.391667,4.443588,3.050704,-4.878883,1.375206,-2.903713,4.848413,-1.378341,-0.113828,0.547184,-0.046895,14.829748,188.570924,0
0.014583,-185.005074,36.245604,134.591478,5.450178,4.339455,-4.239941,-0.393463,-4.326228,4.382580,0.357888,-0.128440,0.556460,-0.031958,15.474418,188.570790,0
0.015625,-151.385902,-34.463927,174.957955,6.196638,5.017559,-2.962057,-2.251686,-4.925376,3.140359,2.069213,-0.186888,0.544310,-0.031958,15.825028,188.721636,0
0.016667,-100.855063,-105.705018,177.469319,6.287118,4.932352,-0.993640,-3.945728,-4.962133,1.142733,3.723611,-0.227071,0.561359,-0.039427,9.966448,188.646337,0
0.017708,-17.680506,-150.645981,178.010985,6.309738,4.101587,0.982715,-4.863645,-4.120386,-0.779352,4.655767,-0.256295,0.564822,-0.073035,5.498998,188.570991,0
0.018750,60.140389,-169.854618,146.988258,5.676378,2.688576,2.697143,-4.919615,-2.767710,-2.550357,4.876354,-0.219765,0.569329,-0.020755,-1.490582,188.571033,0
0.019792,119.268845,-185.668522,65.935227,4.126908,0.661367,4.344106,-4.490508,-0.727669,-4.229034,4.406718,-0.216112,0.563058,-0.050629,-4.657381,188.721632,0
0.020833,156.880576,-168.284101,-12.864962,2.645298,-0.978861,5.034639,-3.468112,0.977879,-4.963455,3.471004,-0.223418,0.558746,-0.050629,-8.491471,188.570760,0
0.021875,176.355650,-117.254362,-83.650947,1.344648,-2.995419,5.018765,-1.471829,2.900296,-4.925685,1.560440,-0.132093,0.542089,-0.039427,-10.097491,188.570790,0
0.022917,184.522250,-35.309590,-134.801516,0.371988,-4.216715,4.399666,0.248332,4.289730,-4.405295,-0.157999,-0.157664,0.543526,-0.073035,-10.957051,188.570814,0
0.023958,151.016503,35.532831,-174.823296,-0.419712,-4.948072,3.070190,2.136405,4.925635,-3.129500,-1.936923,-0.069992,0.542546,-0.035692,-10.459411,188.721648,0
0.025000,99.873169,106.435656,-177.285417,-0.464952,-4.866416,1.093835,3.830447,4.866823,-1.110891,-3.651805,-0.048074,0.565475,-0.043161,-5.460391,188.570910,0
0.026042,16.449078,151.122920,-177.900948,-0.476262,-4.003698,-0.870614,4.789409,4.076536,0.794408,-4.487899,-0.029809,0.554370,-0.024490,-1.196522,188.495454,0
0.027083,-60.838721,169.969131,-146.656629,0.100548,-2.619090,-2.592979,4.893888,2.734888,2.565412,-4.761853,-0.022503,0.564103,-0.054364,7.048468,188.570747,0
0.028125,-119.388708,186.314594,-65.689773,1.627398,-0.570579,-4.275658,4.397616,0.654413,4.185335,-4.270870,-0.033462,0.565148,-0.080503,9.208678,188.721626,0
0.029167,-157.544880,168.108671,12.531818,3.075078,1.105152,-4.890789,3.304324,-1.058487,4.919757,-3.274673,-0.073645,0.560510,-0.028224,13.676128,188.570711,0
0.030208,-177.428283,117.646735,83.330114,4.420968,3.079107,-4.863009,1.308041,-2.962525,4.907166,-1.374783,-0.088257,0.546661,-0.050629,14.841058,188.495417,0
0.031250,-184.540031,35.689883,135.071591,5.427558,4.307503,-4.172475,-0.419583,-4.293147,4.277663,0.365004,-0.146705,0.539867,-0.028224,15.621448,188.495379,0
0.032292,-151.181737,-35.986121,174.810228,6.196638,5.006908,-2.934277,-2.300193,-4.906997,3.043835,2.133254,-0.179582,0.551038,-0.017021,15.689308,188.646183,0
0.033333,-99.278455,-107.058079,177.210796,6.253188,4.879098,-0.938080,-3.941996,-4.910673,1.062996,3.755632,-0.238030,0.554108,-0.065566,10.283128,188.570767,0
0.034375,-15.650199,-151.032570,178.318751,6.275808,4.101587,0.986684,-4.882301,-4.021141,-0.817123,4.666441,-0.197847,0.555480,-0.043161,5.860918,188.495390,0
0.035417,61.512832,-169.383463,146.335796,5.676378,2.631772,2.713018,-4.923347,-2.683168,-2.583930,4.833660,-0.230724,0.551691,-0.050629,-1.897742,188.495495,0
0.036458,119.041994,-186.695398,65.282765,4.138218,0.622314,4.375854,-4.494239,-0.668857,-4.254214,4.378255,-0.212459,0.560902,-0.035692,-5.324671,188.570787,0
0.037500,157.288906,-167.269305,-12.101705,2.690538,-1.032116,5.034639,-3.427067,1.029340,-4.976045,3.424752,-0.201500,0.565540,-0.035692,-8.593261,188.495441,0
0.038542,177.512585,-117.387252,-83.220076,1.355958,-3.020271,4.959236,-1.430784,2.951757,-4.967652,1.546209,-0.179582,0.553324,-0.028224,-10.040941,188.495519,0
0.039583,183.921097,-35.889474,-135.257008,0.360678,-4.202514,4.352043,0.326691,4.289730,-4.375918,-0.200694,-0.139399,0.551495,-0.061832,-11.217181,188.495414,0
0.040625,151.322751,35.859015,-174.884849,-0.464952,-4.891268,2.998756,2.181182,4.918283,-3.079140,-1.997406,-0.099216,0.520597,-0.031958,-10.595131,188.570712,0
0.041667,98.920399,107.329643,-176.977652,-0.464952,-4.830913,1.026369,3.811790,4.866823,-1.089908,-3.619784,-0.080951,0.519225,-0.024490,-5.358601,188.495439,0
0.042708,14.554880,151.255810,-178.270266,-0.510192,-4.014349,-0.938080,4.748364,4.010373,0.819588,-4.534151,-0.026156,0.560380,-0.050629,-0.619712,188.495564,0
0.043750,-62.528753,169.667108,-145.893372,0.123168,-2.540984,-2.632665,4.841649,2.687103,2.557018,-4.704928,-0.007891,0.544375,-0.017021,6.878818,188.495474,0
0.044792,-119.581531,186.846154,-64.569508,1.683948,-0.606082,-4.287564,4.386421,0.661765,4.197925,-4.260197,-0.040768,0.560380,-0.017021,9.253918,188.570893,0
0.045833,-157.635620,167.782487,12.445644,3.120318,1.090951,-4.918569,3.308056,-1.062162,4.907166,-3.264000,-0.044421,0.565410,-0.024490,13.664818,188.495468,0
0.046875,-177.779901,117.634654,83.268561,4.454898,3.086207,-4.847135,1.311773,-2.936795,4.911363,-1.381899,-0.121134,0.550907,-0.002084,14.897608,188.495341,0
0.047917,-184.449291,36.680517,135.416288,5.427558,4.286201,-4.204224,-0.445703,-4.278444,4.323826,0.347215,-0.146705,0.553978,-0.009553,15.485728,188.494989,0
0.048958,-151.419930,-35.382076,175.142614,6.174018,4.964304,-2.906497,-2.322582,-4.932727,3.056425,2.111907,-0.183235,0.560967,-0.020755,15.881578,188.495410,0
0.050000,-99.686785,-107.130565,177.284660,6.298428,4.918151,-0.898394,-3.919608,-4.892294,1.062996,3.773421,-0.245336,0.539998,-0.013287,9.819418,188.495530,0
0.051042,-14.697429,-151.141298,178.380304,6.298428,4.044782,0.966841,-4.859913,-3.988059,-0.825516,4.645094,-0.219765,0.524973,-0.031958,5.159698,188.495439,0
0.052083,62.692452,-169.480110,145.781819,5.665068,2.656624,2.732861,-4.964392,-2.661114,-2.583930,4.805197,-0.219765,0.550123,-0.002084,-1.682852,188.495468,0
0.053125,119.665832,-186.816207,63.768561,4.172148,0.615214,4.423477,-4.501702,-0.690912,-4.245821,4.364024,-0.212459,0.559138,-0.058098,-4.781791,188.419927,0
0.054167,157.243536,-167.293467,-13.025000,2.713158,-1.010814,5.026702,-3.434530,1.036691,-4.946668,3.428310,-0.205153,0.561294,-0.009553,-8.525401,188.420113,0
0.055208,177.478557,-116.819450,-83.527841,1.367268,-3.069975,5.026702,-1.430784,2.962784,-4.980242,1.524862,-0.179582,0.550385,0.009119,-10.142731,188.495613,0
0.056250,183.819015,-36.384791,-135.675569,0.338058,-4.245117,4.371886,0.356542,4.308109,-4.371721,-0.175789,-0.135746,0.554566,-0.035692,-10.911811,188.495448,0
0.057292,151.288723,35.122080,-175.438826,-0.397092,-4.909019,3.010661,2.207301,4.921959,-3.116910,-1.979617,-0.080951,0.563580,-0.035692,-10.504651,188.420209,0
0.058333,99.918539,107.172592,-176.977652,-0.442332,-4.784760,0.982715,3.841641,4.881526,-1.085711,-3.658921,-0.044421,0.556983,-0.035692,-5.437771,188.420016,0
0.059375,15.008580,151.533671,-178.282576,-0.521502,-3.946894,-0.922205,4.793141,4.032427,0.853161,-4.534151,-0.044421,0.536993,-0.043161,-0.845912,188.495459,0
0.060417,-62.959768,169.703351,-145.142425,0.134478,-2.551635,-2.680288,4.845380,2.646670,2.594789,-4.669349,-0.044421,0.540455,-0.054364,7.263358,188.495441,0
0.061458,-119.831066,187.800545,-62.562879,1.717878,-0.531526,-4.358999,4.371496,0.610304,4.260876,-4.231734,-0.066339,0.554500,-0.020755,9.412258,188.420122,0
0.062500,-157.567565,167.287170,13.959849,3.165558,1.133554,-4.942381,3.289399,-1.091568,4.961723,-3.249768,-0.088257,0.557440,-0.020755,13.743988,188.420016,0
0.063542,-178.233601,116.523211,83.957955,4.477518,3.135911,-4.906663,1.304310,-3.013986,4.953330,-1.342762,-0.128440,0.550973,-0.035692,14.954158,188.495414,0
0.064583,-183.904851,35.786530,135.896402,5.416248,4.321704,-4.184381,-0.456897,-4.337256,4.269269,0.407698,-0.164970,0.558093,-0.017021,15.598828,188.420178,0
0.065625,-151.680807,-35.345833,175.524243,6.174018,5.006908,-2.858874,-2.356164,-5.006242,3.022851,2.193737,-0.168623,0.560314,-0.054364,15.734548,188.420303,0
0.066667,-100.106458,-107.311778,176.890720,6.264498,4.889749,-0.886488,-3.990504,-4.910673,1.025226,3.873041,-0.227071,0.561817,-0.039427,10.203958,188.420055,0
0.067708,-15.661541,-151.588291,178.515720,6.321048,4.076735,1.062087,-4.919615,-4.050547,-0.880073,4.705577,-0.256295,0.561490,-0.031958,5.612098,188.495508,0
0.068750,62.522315,-169.298897,145.240152,5.665068,2.564316,2.812232,-4.900958,-2.587599,-2.625897,4.801639,-0.238030,0.539280,-0.039427,-2.090012,188.344737,0
0.069792,119.393612,-188.133026,62.340530,4.092978,0.576160,4.459194,-4.479314,-0.610045,-4.271001,4.353350,-0.234377,0.558942,-0.031958,-5.483011,188.420097,0
0.070833,157.254879,-166.411561,-14.403788,2.645298,-1.106671,5.018765,-3.363634,1.073449,-4.942472,3.328690,-0.197847,0.556329,-0.035692,-8.570641,188.420025,0
0.071875,178.136422,-115.611359,-84.291099,1.310718,-3.087727,4.983048,-1.404665,3.032623,-4.971848,1.482168,-0.164970,0.535948,-0.031958,-10.040941,188.495383,0
0.072917,183.297260,-34.488089,-135.921781,0.349368,-4.241567,4.320294,0.364005,4.300757,-4.354935,-0.261177,-0.124787,0.547968,-0.024490,-11.149321,188.420084,0
0.073958,151.345436,36.281847,-175.438826,-0.397092,-4.923221,2.978913,2.237152,4.944013,-3.070747,-2.008080,-0.099216,0.559661,-0.061832,-10.640371,188.344665,0
0.075000,99.430811,107.595423,-176.657576,-0.464952,-4.763458,0.962872,3.834179,4.848444,-1.060531,-3.694499,-0.069992,0.552671,-0.020755,-5.369911,188.420054,0
0.076042,15.700472,151.799451,-178.257955,-0.521502,-3.943344,-0.949985,4.744633,3.991994,0.853161,-4.551940,-0.044421,0.564952,-0.013287,-0.495302,188.495394,0
0.077083,-62.449356,169.558380,-145.007008,0.145788,-2.484179,-2.664413,4.796872,2.576830,2.624166,-4.676465,-0.040768,0.561947,-0.020755,6.844888,188.420037,0
0.078125,-119.706298,188.030082,-62.402841,1.683948,-0.499574,-4.323282,4.386421,0.584574,4.239892,-4.228176,-0.051727,0.555545,-0.039427,9.355708,188.344686,0
0.079167,-157.930525,166.888500,14.624621,3.120318,1.158406,-4.902695,3.259548,-1.098920,4.923953,-3.221306,-0.059033,0.553128,-0.035692,13.653508,188.420019,0
0.080208,-178.381054,115.713791,84.622728,4.409658,3.121710,-4.878883,1.233414,-2.973552,4.861003,-1.278721,-0.080951,0.546727,-0.046895,14.874988,188.495470,0
0.081250,-183.791426,34.095203,135.822538,5.461488,4.296852,-4.196287,-0.464359,-4.274768,4.252482,0.418372,-0.146705,0.532682,-0.050629,15.485728,188.420055,0
0.082292,-151.113682,-37.109645,175.216478,6.185328,5.006908,-2.878717,-2.333776,-4.936403,2.997671,2.140370,-0.164970,0.549666,-0.058098,15.949438,188.344533,0
0.083333,-98.915495,-107.795014,176.878410,6.253188,4.921701,-0.874582,-3.960653,-4.903321,1.029422,3.816115,-0.172276,0.557440,-0.031958,9.853348,188.419985,0
0.084375,-15.207841,-151.709100,178.195644,6.275808,4.066084,1.014464,-4.893496,-4.057899,-0.863286,4.680672,-0.227071,0.564103,-0.031958,5.193628,188.495477,0
0.085417,61.977875,-169.455948,145.215531,5.608518,2.606920,2.756672,-4.949466,-2.631708,-2.596520,4.844333,-0.241683,0.565083,-0.050629,-1.626302,188.344587,0
0.086458,119.665832,-187.637709,62.832955,4.092978,0.590362,4.387760,-4.445731,-0.635775,-4.275197,4.353350,-0.197847,0.558158,-0.043161,-4.928821,188.344561,0
0.087500,157.822004,-166.399480,-13.825189,2.656608,-1.028565,4.967173,-3.386022,1.062421,-5.005422,3.371384,-0.183235,0.556656,-0.031958,-8.559331,188.419925,0
0.088542,178.181792,-115.321418,-84.746591,1.299408,-3.055774,4.971142,-1.386008,2.970136,-4.942472,1.446589,-0.164970,0.550515,-0.039427,-10.142731,188.495390,0
0.089583,183.353972,-33.437050,-136.167993,0.360678,-4.252218,4.324263,0.337885,4.326487,-4.359131,-0.218483,-0.117481,0.522491,-0.028224,-10.900501,188.344735,0
0.090625,150.744283,38.130225,-175.180304,-0.431022,-4.965824,3.006693,2.203570,4.932986,-3.095927,-2.004522,-0.102869,0.545877,-0.035692,-10.538581,188.345422,0
0.091667,97.944944,108.646462,-176.805304,-0.476262,-4.781209,0.970809,3.856567,4.844768,-1.081514,-3.680268,-0.062686,0.557897,-0.046895,-5.358601,188.420273,0
0.092708,14.067152,152.041069,-178.171781,-0.510192,-3.982397,-0.957922,4.785678,4.010373,0.806998,-4.551940,-0.022503,0.548033,-0.046895,-0.766742,188.495792,0
0.093750,-62.721576,169.606703,-144.563826,0.123168,-2.512582,-2.612822,4.852843,2.606236,2.590592,-4.676465,-0.048074,0.561490,-0.028224,7.138948,188.345051,0
0.094792,-119.910463,188.018001,-62.636743,1.706568,-0.492473,-4.303439,4.364033,0.577222,4.244089,-4.231734,-0.051727,0.563972,-0.028224,9.480118,188.420162,0
0.095833,-158.769870,166.139484,13.762879,3.097698,1.147755,-4.890789,3.252085,-1.058487,4.936543,-3.182169,-0.055380,0.557832,-0.046895,13.766608,188.420388,0
0.096875,-179.084289,115.895004,84.450379,4.454898,3.150112,-4.859040,1.240877,-2.984580,4.877790,-1.271606,-0.102869,0.545616,-0.035692,14.931538,188.495622,0
0.097917,-183.360411,33.986475,136.327273,5.472798,4.303953,-4.108978,-0.453165,-4.311525,4.227302,0.425487,-0.146705,0.540586,-0.013287,15.598828,188.344957,0
0.098958,-151.113682,-38.076117,175.216478,6.207948,4.978505,-2.843000,-2.359895,-4.892294,2.959901,2.186622,-0.179582,0.526149,-0.035692,15.779788,188.344912,0
0.100000,-97.440970,-109.087671,176.730682,6.253188,4.843595,-0.846802,-3.997967,-4.895970,1.004242,3.791210,-0.190541,0.571354,-0.043161,10.113478,188.420386,0
0.101042,-13.143506,-152.047366,178.491099,6.321048,4.044782,1.034307,-4.919615,-4.013790,-0.909450,4.691346,-0.270907,0.538496,-0.039427,5.544238,188.495553,0
0.102083,63.418372,-169.166007,144.390720,5.642448,2.560766,2.756672,-4.953198,-2.635383,-2.638487,4.805197,-0.252642,0.554370,-0.054364,-2.044772,188.344914,0
0.103125,119.711202,-188.374644,62.303599,4.126908,0.579711,4.403634,-4.434537,-0.628424,-4.291984,4.346235,-0.208806,0.565214,-0.031958,-5.584801,188.345111,0
0.104167,158.162279,-165.650464,-13.369697,2.690538,-1.071169,4.979079,-3.352440,1.051394,-4.942472,3.378500,-0.179582,0.562078,-0.039427,-8.683741,188.420419,0
0.105208,178.885027,-115.720087,-84.352652,1.299408,-3.055774,4.979079,-1.341231,2.973811,-4.959258,1.485726,-0.168623,0.554892,-0.043161,-10.142731,188.495807,0
0.106250,182.786847,-34.270633,-136.697349,0.326748,-4.245117,4.308388,0.341616,4.304433,-4.346541,-0.246946,-0.146705,0.554304,-0.035692,-11.171941,188.344988,0
0.107292,151.107243,37.840283,-175.438826,-0.453642,-4.891268,3.014630,2.211033,4.914607,-3.041370,-2.036543,-0.102869,0.531506,-0.017021,-10.629061,188.344970,0
0.108333,97.661381,109.165941,-176.620644,-0.487572,-4.752807,0.990652,3.834179,4.837417,-1.073121,-3.637574,-0.080951,0.536536,-0.043161,-5.200261,188.420376,0
0.109375,12.649340,152.306849,-178.356440,-0.544122,-3.953995,-0.918237,4.789409,4.010373,0.836374,-4.516362,-0.007891,0.547249,-0.031958,-0.246482,188.495703,0
0.110417,-64.354896,169.340924,-144.034470,0.145788,-2.519682,-2.600916,4.822992,2.551100,2.573805,-4.687138,-0.040768,0.560706,-0.035692,6.878818,188.420354,0
0.111458,-120.284766,188.332105,-61.491856,1.706568,-0.535077,-4.315344,4.390153,0.621331,4.265072,-4.231734,-0.044421,0.561555,0.001650,9.434878,188.344965,0
0.112500,-158.452280,166.030756,14.193750,3.142938,1.087401,-4.902695,3.285667,-1.054811,4.928150,-3.235537,-0.059033,0.560314,-0.069301,13.743988,188.420363,0
0.113542,-178.948179,115.822519,84.524243,4.466208,3.111059,-4.863009,1.296847,-2.980904,4.865200,-1.346320,-0.084604,0.552345,-0.020755,14.954158,188.495685,0
0.114583,-183.246986,35.206646,136.647349,5.450178,4.247148,-4.224067,-0.438240,-4.267416,4.311236,0.365004,-0.157664,0.554762,-0.009553,15.451798,188.420401,0
0.115625,-151.227107,-36.928431,175.573485,6.207948,4.943003,-2.835063,-2.341239,-4.943754,3.031245,2.161717,-0.168623,0.559204,-0.069301,15.983368,188.420368,0
0.116667,-98.382398,-108.773568,176.706061,6.241878,4.847145,-0.898394,-3.915877,-4.859212,1.042012,3.766305,-0.201500,0.547249,-0.050629,9.740248,188.420291,0
0.117708,-13.143506,-152.131932,178.109470,6.309738,4.073185,1.014464,-4.886033,-4.032168,-0.871680,4.662883,-0.241683,0.566324,-0.054364,4.922188,188.495707,0
0.118750,64.257717,-169.238492,143.959849,5.642448,2.628221,2.713018,-4.934541,-2.650086,-2.600717,4.837217,-0.263601,0.549340,-0.024490,-1.863812,188.420406,0
0.119792,120.289670,-188.253835,61.146402,4.081668,0.632965,4.431414,-4.497970,-0.661506,-4.258411,4.396044,-0.234377,0.561490,-0.031958,-5.075851,188.420171,0
0.120833,157.935429,-165.819596,-14.576136,2.690538,-1.000163,4.994953,-3.412142,1.047718,-4.942472,3.389174,-0.205153,0.562535,-0.020755,-8.627191,188.420254,0
0.121875,178.385957,-114.983152,-84.980493,1.310718,-3.038023,5.010828,-1.412127,2.977487,-4.967652,1.507073,-0.154011,0.555023,-0.028224,-10.176661,188.495559,0
0.122916,182.798190,-34.463927,-136.943561,0.315438,-4.241567,4.375854,0.300571,4.275027,-4.392705,-0.225599,-0.121134,0.556656,-0.031958,-10.832641,188.420200,0
0.123958,150.959791,36.982539,-175.746591,-0.397092,-4.933871,3.066222,2.192376,4.914607,-3.112713,-1.933365,-0.102869,0.562143,-0.046895,-10.538581,188.420345,0
0.125000,98.602809,108.900161,-176.448296,-0.476262,-4.809612,0.994621,3.819253,4.863147,-1.119284,-3.641131,-0.066339,0.563646,-0.043161,-5.358601,188.420388,0
0.126042,13.409287,152.500143,-177.987122,-0.476262,-3.989497,-0.902362,4.748364,4.014049,0.794408,-4.487899,-0.011544,0.560445,-0.046895,-0.551852,188.495754,0
0.127083,-64.173416,169.461733,-143.665152,0.157098,-2.505481,-2.640602,4.830454,2.613588,2.569609,-4.665791,-0.022503,0.555807,-0.046895,7.331218,188.420292,0
0.128125,-120.556986,188.634127,-60.260796,1.717878,-0.506674,-4.323282,4.367765,0.639710,4.248286,-4.253081,-0.037115,0.556721,-0.046895,9.604528,188.495617,0
0.129167,-158.486308,165.716652,15.720265,3.154248,1.108702,-4.886820,3.281936,-1.032756,4.944937,-3.228421,-0.066339,0.558289,-0.054364,13.777918,188.420274,0
0.130208,-178.925494,114.747318,85.496781,4.511448,3.086207,-4.890789,1.311773,-3.013986,4.898773,-1.356994,-0.128440,0.547968,-0.028224,14.988088,188.495664,0
0.131250,-182.940739,33.998556,136.942803,5.484108,4.303953,-4.212161,-0.456897,-4.289471,4.294449,0.404140,-0.154011,0.553651,-0.017021,15.576208,188.420410,0
0.132292,-151.125025,-37.290859,175.610417,6.219258,5.031760,-2.878717,-2.337507,-4.958457,3.010261,2.154601,-0.179582,0.560053,-0.028224,15.802408,188.495752,0
0.133333,-98.280315,-109.051428,176.324432,6.253188,4.871997,-0.866645,-3.953190,-4.940079,1.042012,3.791210,-0.208806,0.561621,-0.043161,10.113478,188.420399,1
0.134375,-14.300441,-152.458116,177.900190,6.264498,4.073185,1.066055,-4.886033,-4.076277,-0.808729,4.662883,-0.238030,0.564103,-0.031958,5.465068,188.495680,1
0.135417,63.701935,-169.057279,143.701326,5.608518,2.606920,2.748735,-4.889764,-2.661114,-2.592324,4.798081,-0.263601,0.552410,-0.017021,-2.191802,188.495673,1
0.136458,120.255642,-188.567939,60.617046,4.059048,0.618764,4.383791,-4.479314,-0.679884,-4.258411,4.374697,-0.238030,0.557897,-0.028224,-5.709211,188.495729,1
0.137500,158.071539,-165.155147,-15.696402,2.622678,-1.035666,4.983048,-3.389754,1.036691,-4.908898,3.353595,-0.219765,0.556068,-0.017021,-8.615881,188.420200,1
0.138542,178.612807,-114.173732,-85.743750,1.299408,-3.038023,4.963205,-1.415859,2.951757,-4.942472,1.443032,-0.190541,0.550711,-0.009553,-10.086181,188.495781,1
0.139583,182.253750,-32.675953,-136.968182,0.315438,-4.241567,4.340137,0.304303,4.256648,-4.321361,-0.165115,-0.139399,0.540521,-0.054364,-11.104081,188.495707,1
0.140625,150.732941,38.359762,-175.586554,-0.408402,-4.933871,3.034473,2.136405,4.899904,-3.095927,-1.958270,-0.073645,0.553716,-0.043161,-10.583821,188.495767,1
0.141667,97.831519,109.576691,-176.263637,-0.453642,-4.809612,1.030338,3.815522,4.877850,-1.140268,-3.616227,-0.073645,0.558158,-0.017021,-5.268121,188.571122,1
0.142708,13.987755,152.753842,-177.765531,-0.464952,-4.003698,-0.846802,4.763290,4.021400,0.786014,-4.495015,-0.059033,0.564626,-0.028224,-0.325652,188.492995,1
0.143750,-63.470181,169.244276,-143.665152,0.179718,-2.526783,-2.592979,4.815529,2.646670,2.544428,-4.658676,-0.048074,0.556264,-0.058098,6.890128,188.495790,1
0.144792,-120.817863,188.235457,-60.580871,1.683948,-0.556378,-4.251847,4.367765,0.643386,4.269269,-4.235292,-0.073645,0.559008,-0.031958,9.525358,188.495837,1
0.145833,-158.747185,165.378387,15.794129,3.154248,1.066099,-4.878883,3.322981,-1.010702,4.902970,-3.235537,-0.073645,0.556460,-0.028224,13.732678,188.571056,1
0.146875,-178.902809,114.227840,86.112311,4.477518,3.086207,-4.851103,1.322967,-2.969877,4.865200,-1.324973,-0.124787,0.573445,-0.013287,14.897608,188.495626,1
0.147917,-182.781944,32.548848,137.028978,5.484108,4.289751,-4.192318,-0.371075,-4.179198,4.315433,0.325868,-0.135746,0.522818,-0.039427,15.440488,188.571140,1
0.148958,-150.467160,-39.018428,175.302652,6.196638,4.932352,-2.874748,-2.244223,-4.910673,3.048032,2.072770,-0.197847,0.556068,-0.035692,15.994678,188.495696,1
0.150000,-97.350230,-109.776283,176.336743,6.264498,4.854246,-0.894425,-3.927071,-4.873915,1.088176,3.737843,-0.197847,0.562209,-0.073035,9.740248,188.571125,1
0.151042,-13.211561,-152.627249,177.641667,6.298428,4.108687,0.966841,-4.867376,-4.043196,-0.838106,4.655767,-0.256295,0.560575,-0.046895,5.046598,188.495796,1
0.152083,63.520455,-169.238492,143.615152,5.619828,2.635322,2.673332,-4.882301,-2.753007,-2.541963,4.808755,-0.238030,0.564038,-0.017021,-1.784642,188.647000,1
0.153125,120.595917,-188.060541,61.355682,4.070358,0.632965,4.356011,-4.471851,-0.676209,-4.237427,4.406718,-0.230724,0.565344,-0.028224,-5.109781,188.495769,1
0.154166,158.593294,-165.058499,-14.846970,2.633988,-0.950459,4.955267,-3.393485,0.937446,-4.925685,3.438984,-0.201500,0.562470,-0.005818,-8.649811,188.571165,1
0.155208,178.692205,-114.077084,-85.928409,1.310718,-3.038023,4.971142,-1.412127,2.933378,-4.950865,1.478610,-0.186888,0.547641,-0.013287,-10.176661,188.495595,1
0.156250,182.299120,-32.313526,-137.115910,0.338058,-4.184763,4.272671,0.308034,4.319136,-4.342344,-0.186462,-0.132093,0.510210,-0.028224,-10.810021,188.646513,1
0.157292,150.109103,39.894037,-175.377273,-0.408402,-4.948072,2.994787,2.233421,4.896229,-3.070747,-1.968943,-0.069992,0.558224,-0.054364,-10.504651,188.571163,1
0.158333,96.391021,110.591487,-176.448296,-0.464952,-4.795411,1.002558,3.822985,4.815362,-1.098301,-3.619784,-0.066339,0.542350,-0.043161,-5.256811,188.571018,1
0.159375,11.980132,153.043784,-177.740910,-0.498882,-4.007249,-0.890456,4.763290,4.010373,0.827981,-4.509246,-0.029809,0.542872,-0.028224,-0.506612,188.495620,1
0.160417,-64.434294,169.485894,-143.049622,0.179718,-2.519682,-2.628696,4.822992,2.631967,2.573805,-4.680023,-0.044421,0.560380,-0.046895,7.263358,188.721864,1
0.161458,-120.931288,188.597885,-60.654735,1.683948,-0.503124,-4.303439,4.378959,0.613980,4.206319,-4.249523,-0.062686,0.559465,-0.046895,9.672388,188.646442,1
0.162500,-159.416393,164.738099,15.006250,3.120318,1.115803,-4.902695,3.240891,-1.029081,4.911363,-3.210632,-0.077298,0.563384,-0.046895,13.811848,188.571178,1
0.163541,-179.560674,114.554024,85.878409,4.500138,3.135911,-4.855072,1.266996,-2.995607,4.873593,-1.307184,-0.121134,0.548360,-0.028224,15.010708,188.571207,1
0.164583,-182.350929,33.044165,137.435228,5.461488,4.247148,-4.144695,-0.468091,-4.230659,4.260876,0.414814,-0.150358,0.549928,-0.035692,15.508348,188.721969,1
0.165625,-140.723952,-38.837214,176.299811,6.185328,4.840045,-2.791408,-2.296462,-4.734237,2.955704,2.054981,-0.190541,0.561033,-1.114891,11.764738,188.646531,1
0.166666,-98.200917,-110.597784,176.213637,6.275808,4.687383,-0.799179,-3.837518,-4.642343,0.958079,3.659570,-0.216112,0.512039,-5.110538,11.595088,188.571024,1
0.167708,-11.759721,-152.675573,177.949432,6.275808,3.750109,1.133521,-4.725584,-3.705027,-0.984990,4.474317,-0.256295,0.553520,-8.605796,2.841148,188.495770,1
0.168750,61.592229,-169.419706,142.199432,5.619828,2.756031,2.677300,-5.046482,-2.789765,-2.550357,4.961742,-0.252642,0.557571,5.606759,2.332198,188.721858,1
0.169792,116.535302,-189.474006,59.496780,4.070358,1.154856,4.232985,-4.841256,-1.139353,-4.115723,4.712693,-0.205153,0.559138,15.162705,2.004208,188.646478,1
0.170833,155.757669,-164.841043,-14.662311,2.645298,-0.140996,4.701278,-3.997967,0.158187,-4.644506,3.940640,-0.150358,0.570701,24.386302,1.664908,188.571093,1
0.171875,175.856579,-114.524078,-85.792993,1.276788,-2.015543,4.582221,-2.024072,1.951953,-4.556376,2.087002,-0.073645,0.553259,32.377597,1.336918,188.571033,1
0.172917,177.954942,-33.884044,-138.039205,0.304128,-3.162283,3.812315,-0.281522,3.172302,-3.880708,0.375678,-0.044421,0.560445,33.001217,1.472638,188.721893,1
0.173958,148.736661,38.601380,-174.909470,-0.408402,-3.925592,2.645552,1.487147,3.892749,-2.697241,-1.381899,-0.051727,0.574424,30.193061,1.585738,188.646437,1
0.175000,98.081054,109.818310,-176.091288,-0.442332,-4.230916,0.887469,3.419997,4.234594,-0.976597,-3.203516,0.003068,0.597288,21.749922,1.766698,188.571152,1
0.176042,13.522712,152.427658,-178.491857,-0.521502,-3.946894,-0.858708,4.699856,3.881722,0.794408,-4.420300,-0.011544,0.585922,11.215603,2.004208,188.571132,1
0.177083,-62.403986,169.195953,-143.049622,0.168408,-2.984769,-2.462016,5.151352,3.073057,2.393347,-4.971766,-0.048074,0.531179,-4.849141,2.490538,188.721808,1
0.178125,-117.233633,189.757651,-58.931250,1.774428,-1.291286,-4.061355,4.890156,1.279291,3.988091,-4.740506,-0.066339,0.564887,-13.101833,2.671498,188.721985,1
0.179167,-155.094900,165.789138,15.929546,3.176868,0.036518,-4.585208,4.046867,0.000130,4.579824,-3.996916,-0.146705,0.573118,-24.495029,3.067348,188.571053,1
0.180208,-175.613483,114.566105,86.198485,4.534068,1.943018,-4.482025,2.091629,-1.804664,4.504284,-2.129047,-0.175929,0.555872,-32.195053,3.248308,188.721875,1
0.181250,-178.755356,34.288498,137.853788,5.495418,3.128811,-3.771648,0.293109,-3.127934,3.853797,-0.378586,-0.197847,0.561490,-32.426576,3.316168,188.721980,1
0.182291,-148.833840,-37.677447,174.810228,6.185328,3.881469,-2.553293,-1.501680,-3.870435,2.741673,1.336296,-0.245336,0.570636,-30.492235,3.225688,188.721873,1
0.183333,-99.244428,-109.558826,175.708902,6.207948,4.232947,-0.842833,-3.456918,-4.260065,0.987455,3.243302,-0.234377,0.589123,-20.719703,3.067348,188.571103,1
0.184375,-13.585864,-152.276903,178.060228,6.287118,3.991528,0.919218,-4.710658,-3.899841,-0.779352,4.509895,-0.241683,0.562405,-10.241397,2.841148,188.721871,1
0.185416,62.306807,-168.888146,142.925758,5.563278,3.040054,2.546337,-5.165886,-3.025013,-2.407669,5.022225,-0.208806,0.555284,4.523827,2.366128,188.721965,1
0.186458,117.136454,-189.522330,58.622727,4.036428,1.346571,4.145676,-4.968123,-1.323141,-3.985626,4.805197,-0.197847,0.561163,13.545775,2.072068,188.721893,1
0.187500,155.190544,-165.396765,-16.435038,2.633988,0.068471,4.621906,-4.147222,-0.043979,-4.543786,4.090070,-0.154011,0.562797,24.337757,1.732768,188.571120,1
0.188541,174.813069,-113.690495,-86.642425,1.299408,-1.877082,4.582221,-2.214372,1.793896,-4.476639,2.207969,-0.132093,0.550123,32.355191,1.506568,188.721954,1
0.189583,178.397300,-33.424969,-137.842235,0.270198,-3.013171,3.848033,-0.445703,3.043651,-3.910085,0.517991,-0.062686,0.557701,32.437345,1.495258,188.797394,1
0.190625,148.294303,38.214792,-174.749432,-0.408402,-3.811983,2.673332,1.393863,3.793504,-2.726618,-1.204006,-0.018850,0.571419,29.647860,1.676218,188.721922,1
0.191667,98.035684,109.697501,-175.906629,-0.431022,-4.198964,0.919218,3.337906,4.183133,-1.010170,-3.128802,0.014027,0.588404,21.406371,1.834558,188.646621,1
0.192708,13.987755,152.548467,-177.864016,-0.476262,-3.861687,-0.858708,4.606572,3.804531,0.769227,-4.327796,-0.044421,0.588796,11.443392,2.026828,188.721895,1
0.193750,-61.666723,169.256357,-142.507955,0.202338,-2.931514,-2.469953,5.069262,2.988514,2.359774,-4.872146,-0.029809,0.560771,-5.554914,2.445298,188.797360,1
0.194792,-117.279003,189.709328,-57.983334,1.774428,-1.213180,-4.017701,4.796872,1.264588,3.941927,-4.608866,-0.059033,0.556199,-13.826277,2.660188,188.721996,1
0.195833,-155.514573,165.173012,17.517614,3.222108,0.040068,-4.509805,4.002090,-0.003546,4.500087,-3.918644,-0.106522,0.557767,-25.443529,3.067348,188.646531,1
0.196875,-175.386633,113.502985,87.195644,4.534068,1.879113,-4.410590,2.058047,-1.789961,4.416153,-2.061448,-0.139399,0.544702,-32.747722,3.236998,188.721855,1
0.197917,-178.449109,32.536767,137.952273,5.472798,3.100408,-3.700214,0.274452,-3.047067,3.736289,-0.389260,-0.183235,0.536993,-32.292143,3.282238,188.797135,1
0.198958,-148.720415,-38.825133,174.724054,6.162708,3.870819,-2.521544,-1.512874,-3.815299,2.661936,1.382548,-0.234377,0.568349,-30.320459,3.225688,188.646665,1
0.200000,-98.303000,-109.848768,175.733523,6.219258,4.197444,-0.779336,-3.412142,-4.215956,0.937095,3.278880,-0.245336,0.587097,-21.231295,3.078658,188.646449,1
0.201042,-14.357154,-152.397712,177.912501,6.298428,3.916972,0.966841,-4.695733,-3.866760,-0.804532,4.481433,-0.263601,0.586314,-11.182428,2.829838,188.721933,1
0.202083,61.422092,-168.731094,142.248675,5.608518,2.972598,2.550306,-5.087527,-3.061770,-2.403472,4.972416,-0.219765,0.566193,4.863643,2.354818,188.797376,1
0.203125,116.512617,-189.679382,58.265720,4.002498,1.307518,4.058368,-4.923347,-1.323141,-3.952052,4.812312,-0.197847,0.558616,14.449463,2.060758,188.721869,1
0.204166,155.383366,-164.406130,-16.989015,2.588748,0.047169,4.590158,-4.076326,-0.047655,-4.526999,4.043818,-0.183235,0.556460,24.255603,1.800628,188.721889,1
0.205208,175.039919,-112.929399,-87.319508,1.276788,-1.806076,4.471100,-2.165864,1.746111,-4.443065,2.190179,-0.121134,0.543526,32.732351,1.630978,188.722116,1
0.206250,177.467215,-31.528267,-138.150000,0.304128,-2.959917,3.776598,-0.427046,3.017920,-3.817758,0.546454,-0.080951,0.540325,33.034825,1.608358,188.797335,1
0.207292,148.169536,39.869875,-174.478599,-0.408402,-3.765830,2.657457,1.382669,3.742043,-2.735011,-1.218238,-0.011544,0.583570,30.174389,1.698838,188.721835,1
0.208333,97.774806,110.337788,-175.549622,-0.442332,-4.135059,0.919218,3.300593,4.091239,-1.001777,-3.061202,-0.026156,0.583897,21.649097,1.823248,188.721020,1
0.209375,14.135207,152.802166,-177.642425,-0.476262,-3.893640,-0.834896,4.561796,3.800855,0.718867,-4.331354,-0.018850,0.586901,11.092372,2.049448,188.722181,1
0.210416,-61.746121,169.014739,-142.434091,0.179718,-2.963467,-2.382644,4.994635,3.006893,2.292627,-4.879262,-0.048074,0.564691,-5.151615,2.456608,188.797577,1
0.211458,-117.573908,189.189849,-58.771212,1.740498,-1.277085,-3.890706,4.748364,1.341778,3.870583,-4.619539,-0.055380,0.557962,-13.471524,2.660188,188.722096,1
0.212500,-155.480545,164.955555,16.963636,3.142938,-0.038038,-4.434402,3.987165,0.092023,4.487497,-3.907970,-0.059033,0.560445,-24.860986,3.056038,188.797474,1
0.213541,-175.386633,113.176801,87.466478,4.477518,1.840060,-4.355030,2.099092,-1.683364,4.390973,-2.086352,-0.164970,0.534184,-32.366828,3.225688,188.722239,1
0.214583,-178.256286,31.642780,138.075379,5.450178,2.997450,-3.700214,0.371467,-2.969877,3.753076,-0.407049,-0.190541,0.532028,-32.475122,3.282238,188.797528,1
0.215625,-147.654220,-40.226518,174.613258,6.196638,3.774961,-2.561230,-1.397202,-3.668269,2.678723,1.290044,-0.245336,0.553847,-30.630402,3.203068,188.721998,1
0.216667,-97.656477,-110.682350,175.450379,6.196638,4.204545,-0.874582,-3.359903,-4.186550,1.004242,3.175703,-0.234377,0.574620,-20.839199,3.044728,188.797547,1
0.217708,-13.188876,-152.639330,177.198485,6.287118,3.927623,0.839846,-4.650957,-3.903517,-0.703812,4.428065,-0.234377,0.588600,-10.405704,2.784598,188.797514,1
0.218750,62.113985,-168.743175,142.371781,5.619828,3.043604,2.423311,-5.083795,-3.050743,-2.311145,4.983089,-0.216112,0.565410,4.635854,2.377438,188.797532,1
0.219792,117.590154,-188.676667,59.385985,4.059048,1.385624,4.022650,-4.919615,-1.389304,-3.884905,4.798081,-0.227071,0.561163,13.967745,2.128618,188.646748,1
0.220833,155.678271,-164.599425,-16.114962,2.611368,0.153677,4.526660,-4.139759,-0.132197,-4.535392,4.125648,-0.154011,0.563972,24.617826,1.800628,188.797505,1
0.221875,174.642932,-113.158936,-87.257955,1.265478,-1.681816,4.459194,-2.225566,1.643190,-4.430475,2.289799,-0.117481,0.542480,32.706211,1.698838,188.797699,1
0.222916,177.705407,-31.818209,-138.223864,0.304128,-2.899562,3.792472,-0.497942,2.914999,-3.821955,0.621169,-0.069992,0.561359,32.586715,1.597048,188.797441,1
0.223958,147.296163,40.461840,-174.293940,-0.385782,-3.677073,2.665395,1.289384,3.675880,-2.722421,-1.097271,-0.044421,0.542219,29.685203,1.710148,188.646902,1
0.225000,96.141486,111.050562,-175.611175,-0.431022,-4.081805,0.978746,3.211040,4.131673,-1.043744,-2.993603,-0.004238,0.532028,21.462384,1.845868,188.797505,1
0.226041,12.082215,152.886732,-177.026894,-0.453642,-3.851036,-0.727745,4.479706,3.793504,0.664310,-4.267312,-0.004238,0.574228,11.525545,2.049448,188.797635,1
0.227083,-62.449356,169.026820,-141.892425,0.168408,-2.981218,-2.315178,4.994635,3.051002,2.242267,-4.847242,-0.055380,0.557440,-5.610928,2.467918,188.797585,1
0.228125,-118.095663,188.718694,-58.758902,1.774428,-1.330339,-3.890706,4.793141,1.411618,3.845403,-4.608866,-0.066339,0.557571,-13.859886,2.671498,188.722165,1
0.229166,-156.024985,164.617290,16.311174,3.165558,-0.087742,-4.410590,4.009553,0.147160,4.395170,-3.964896,-0.121134,0.559792,-25.469669,3.010798,188.797487,1
0.230208,-175.159783,113.660037,87.306440,4.488828,1.779705,-4.319313,2.121480,-1.617201,4.311236,-2.111257,-0.179582,0.542415,-32.792533,3.214378,188.797615,1
0.231250,-177.893326,32.524686,138.469319,5.506728,2.947746,-3.664497,0.334154,-2.922092,3.744683,-0.428396,-0.205153,0.548621,-32.288409,3.259618,188.797652,1
0.232291,-147.937782,-39.719120,174.588637,6.196638,3.703956,-2.565199,-1.378545,-3.657242,2.645149,1.197540,-0.223418,0.572922,-30.200963,3.191758,188.646920,1
0.233333,-96.930557,-110.972292,175.302652,6.207948,4.158391,-0.878551,-3.311395,-4.094656,1.042012,3.083199,-0.281866,0.564756,-21.223826,3.056038,188.797565,1
0.234375,-11.907174,-152.651411,177.173864,6.253188,3.895671,0.808097,-4.594986,-3.822651,-0.687025,4.339119,-0.248989,0.572334,-11.275785,2.818528,188.797588,1
0.235416,63.089440,-168.320343,141.448485,5.574588,3.032953,2.391562,-5.020362,-3.083825,-2.235605,4.865680,-0.230724,0.575012,4.930860,2.400058,188.797509,1
0.236458,117.476729,-188.688748,58.228788,4.025118,1.470831,3.891687,-4.942003,-1.448116,-3.779988,4.769618,-0.230724,0.557701,14.557756,2.105998,188.646748,1
0.237500,155.780354,-163.874571,-16.410417,2.622678,0.217582,4.526660,-4.128565,-0.227767,-4.430475,4.082954,-0.143052,0.565867,24.419910,1.811938,188.797525,1
0.238541,174.858439,-113.110612,-87.331818,1.310718,-1.674716,4.451257,-2.255417,1.621135,-4.380115,2.304030,-0.062686,0.544244,32.721148,1.619668,188.797635,1
0.239583,177.058885,-33.014219,-138.900947,0.258888,-2.817906,3.764692,-0.561375,2.841484,-3.775791,0.649632,-0.084604,0.551953,32.915329,1.597048,188.797710,1
0.240625,147.715836,39.145021,-174.638637,-0.374472,-3.606067,2.661426,1.218488,3.624419,-2.755995,-1.011883,-0.055380,0.570505,29.965271,1.710148,188.646621,1
0.241666,96.912776,111.050562,-175.057198,-0.431022,-4.099556,1.002558,3.121487,4.069185,-1.094104,-2.915331,-0.022503,0.582786,21.525867,1.823248,188.797719,1
0.242708,12.513230,153.140431,-176.805304,-0.487572,-3.836835,-0.668216,4.427466,3.848640,0.588770,-4.178366,-0.048074,0.549732,11.096107,2.049448,188.797567,1
0.243750,-63.640318,168.603988,-141.239963,0.191028,-2.988319,-2.223901,4.905082,3.047326,2.124759,-4.783200,-0.037115,0.557048,-5.278579,2.479228,188.797704,1
0.244791,-118.719501,188.452914,-57.614015,1.808358,-1.394244,-3.799428,4.770753,1.437348,3.732092,-4.598192,-0.077298,0.551169,-13.572348,2.614948,188.646755,1
0.245833,-155.333092,164.351510,17.419129,3.210798,-0.197800,-4.331219,4.028210,0.209647,4.323826,-3.950664,-0.121134,0.557701,-25.029027,3.010798,188.722110,1
0.246875,-174.819508,112.959345,87.835796,4.545378,1.666096,-4.319313,2.162525,-1.540010,4.315433,-2.214435,-0.161317,0.545159,-32.359360,3.180448,188.800329,1
0.247916,-177.655133,32.935436,138.912500,5.518038,2.848339,-3.672434,0.505797,-2.877983,3.799240,-0.535131,-0.208806,0.553390,-32.363094,3.259618,188.797527,1
0.248958,-147.404685,-38.571434,175.044129,6.207948,3.672003,-2.600916,-1.285261,-3.649890,2.750066,1.119267,-0.223418,0.574032,-30.406347,3.203068,188.722101,1
0.250000,-98.325685,-110.827321,174.896402,6.207948,4.126439,-1.013483,-3.203185,-4.142441,1.130143,3.015600,-0.241683,0.583243,-20.645018,3.044728,188.722242,1
0.251041,-13.041424,-153.038000,176.385985,6.287118,3.909872,0.704914,-4.542747,-3.899841,-0.590501,4.310656,-0.238030,0.583635,-10.185384,2.807218,188.797590,1
0.252083,63.100782,-168.332424,141.460796,5.574588,3.043604,2.308222,-4.990511,-3.017661,-2.168458,4.833660,-0.216112,0.519682,4.800161,2.377438,188.722148,1
0.253125,118.860514,-187.915570,57.699432,4.013808,1.520534,3.915499,-4.874839,-1.466495,-3.725431,4.705577,-0.216112,0.552214,14.023759,2.094688,188.646793,1
0.254166,155.508134,-164.092027,-18.010796,2.611368,0.267286,4.423477,-4.199461,-0.282903,-4.384311,4.122090,-0.186888,0.558877,24.714916,1.778008,188.722117,1
0.255208,173.985067,-112.216625,-88.267425,1.265478,-1.561107,4.431414,-2.337507,1.518214,-4.363328,2.336051,-0.084604,0.535621,32.590449,1.642288,188.797583,1
0.256250,177.229022,-32.071908,-138.900947,0.292818,-2.778852,3.836127,-0.654659,2.771645,-3.855528,0.731462,-0.077298,0.551234,32.463485,1.642288,188.646706,1
0.257291,146.774408,39.265830,-174.872538,-0.385782,-3.641570,2.756672,1.155055,3.554580,-2.831535,-0.954957,-0.022503,0.569590,29.464882,1.755388,188.722090,1
0.258333,97.128284,110.869348,-175.081819,-0.431022,-4.081805,1.117647,3.091636,4.054482,-1.148661,-2.872637,-0.029809,0.583178,21.331686,1.857178,188.722092,1
0.259375,13.273177,153.297483,-175.980493,-0.498882,-3.843936,-0.612656,4.356570,3.793504,0.542606,-4.117883,-0.011544,0.582133,11.450860,2.049448,188.797697,1
0.260416,-62.540096,168.761040,-141.313826,0.179718,-3.027372,-2.176278,4.908813,3.062029,2.091186,-4.786758,-0.059033,0.559204,-5.756563,2.479228,188.646777,1
0.261458,-119.048433,187.933435,-57.564773,1.774428,-1.465250,-3.712120,4.774484,1.492484,3.685929,-4.630213,-0.073645,0.552345,-13.964445,2.637568,188.722107,1
0.262500,-155.764108,164.266944,18.428599,3.233418,-0.219102,-4.267721,4.020747,0.279487,4.281859,-4.011148,-0.106522,0.551757,-25.551822,3.022108,188.722179,1
0.263541,-174.343123,112.246571,88.635985,4.545378,1.666096,-4.267721,2.237152,-1.481198,4.302843,-2.250013,-0.179582,0.541827,-32.743988,3.214378,188.797556,1
0.264583,-177.519023,31.062896,139.010985,5.506728,2.823487,-3.696245,0.535648,-2.837550,3.778256,-0.570710,-0.197847,0.538169,-32.045683,3.225688,188.571377,1
0.265625,-147.109780,-39.707039,174.921023,6.162708,3.661352,-2.596948,-1.274067,-3.598430,2.762656,1.097920,-0.216112,0.546857,-29.984377,3.225688,188.646777,1
