1-Time,2-VGERA,3-VGERB,4-VGERC,5-VN,6-IGERAN,7-IGERBN,8-IGERCN,9-IGERAT,10-IGERBT,11-IGERCT,12-IN,13-IFD,14-IFAULT,15-VFAULT,16-Speed (rad/s),17-Active Power,18-Reactive Power,19-FAULT 
0.000000,130.112275,-190.367993,25.814962,3.425688,-3.364648,4.248860,-0.359881,3.631771,-4.178673,0.436161,-0.088257,0.399027,-0.024490,219.054414,188.496045,1239.382637,-37.929339,0
0.001042,166.056659,-145.572001,-43.149053,2.113728,-4.071154,3.324180,1.274459,4.425733,-3.251204,-1.068808,-0.066339,0.399288,-0.035692,215.763204,188.488433,1239.297381,-37.851045,0
0.002083,195.615215,-69.558953,-94.176515,1.186308,-4.522039,1.828023,2.931187,4.819038,-1.773968,-2.790806,-0.044421,0.404645,0.009119,189.286494,188.493394,1238.776971,-37.284263,0
0.003125,169.845054,-5.010683,-152.454925,0.055308,-4.049852,0.379490,3.781939,4.396327,-0.397453,-3.548627,-0.029809,0.399353,-0.009553,124.672466,188.569051,1239.611487,-36.523838,0
0.004167,125.155602,57.387186,-192.722917,-0.679842,-3.030922,-1.378592,4.315525,3.345062,1.386141,-4.157019,-0.033462,0.415489,0.005384,44.835177,188.553507,1239.498222,-36.926604,0
0.005208,52.370777,112.995587,-192.698296,-0.792942,-1.333889,-2.981900,4.095375,1.665244,3.035441,-3.925759,-0.011544,0.419473,-0.039427,-42.229201,188.482078,1238.813817,-37.502234,0
0.006250,-15.468719,168.748959,-164.014584,-0.216132,0.267286,-4.041512,3.479699,0.069969,4.093008,-3.406314,-0.037115,0.402358,-0.039427,-123.061769,188.632422,1238.471721,-36.373266,0
0.007292,-72.986539,187.124014,-103.495644,0.960108,2.028224,-4.224067,1.830433,-1.598822,4.256679,-1.887113,-0.088257,0.401313,-0.002084,-175.902088,188.557386,1238.020297,-35.328591,0
0.008333,-130.436304,190.518748,-24.843182,2.441718,3.544193,-4.049449,0.259526,-3.238206,4.214712,-0.286082,-0.088257,0.393474,-0.024490,-213.451287,188.549802,1238.287962,-34.987782,0
0.009376,-166.630223,144.961659,43.800758,3.742368,4.286201,-3.089052,-1.341231,-4.017465,3.283046,1.222445,-0.168623,0.398047,-0.035692,-212.048847,188.474367,1238.983801,-34.510756,0
0.010417,-195.871189,70.301673,94.458902,4.760268,4.715785,-1.577021,-3.035273,-4.399743,1.818401,2.891075,-0.146705,0.397263,-0.005818,-185.051877,188.621555,1239.102528,-33.380725,0
0.011458,-169.953576,5.668836,152.885038,5.800788,4.211645,-0.108645,-3.856175,-3.973356,0.383132,3.734285,-0.157664,0.410851,-0.043161,-120.437849,188.557191,1239.269862,-33.687874,0
0.012500,-124.980561,-57.719667,192.574432,6.569868,3.214017,1.581971,-4.359910,-3.006634,-1.383676,4.321330,-0.197847,0.411569,-0.013287,-41.573221,188.546387,1239.279011,-33.609963,0
0.013542,-51.810090,-112.977722,192.475948,6.581178,1.538286,3.153530,-4.169610,-1.282707,-2.944846,4.100743,-0.175929,0.403469,-0.054364,48.443067,188.483059,1238.762041,-33.550942,0
0.014583,14.566222,-168.525719,164.186175,6.106158,-0.101943,4.229017,-3.553934,0.323596,-4.098936,3.549277,-0.179582,0.401248,-0.017021,126.663026,188.493402,1239.386915,-33.764432,0
0.015625,73.104867,-186.755803,103.187122,4.895988,-1.823828,4.419509,-1.908400,2.036495,-4.224837,1.994498,-0.132093,0.402424,-0.024490,180.724824,188.553489,1239.400845,-33.860983,0
0.016667,130.044220,-190.210941,24.202273,3.436998,-3.378849,4.260765,-0.393463,3.639122,-4.157690,0.446834,-0.110175,0.390535,-0.039427,218.217474,188.568779,1239.156888,-33.443823,0
0.017708,166.011289,-144.907551,-43.530682,2.170278,-4.056953,3.268619,1.263265,4.344866,-3.230221,-1.065250,-0.106522,0.396414,-0.031958,218.104374,188.495761,1237.969093,-33.038349,0
0.018750,195.445078,-70.827448,-94.595076,1.129758,-4.497187,1.839929,2.942381,4.771253,-1.786559,-2.765901,-0.040768,0.400137,-0.020755,189.637104,188.493997,1237.491983,-32.912276,0
0.019792,169.482094,-4.551609,-152.454925,0.055308,-4.021450,0.343773,3.744626,4.311784,-0.342896,-3.520165,-0.040768,0.409740,-0.002084,123.270026,188.571132,1236.187791,-33.612148,0
0.020833,124.044037,58.546953,-192.612122,-0.668532,-3.013171,-1.338906,4.278212,3.319332,1.344174,-4.132114,-0.037115,0.418298,-0.028224,44.473257,188.495687,1235.398247,-32.780043,0
0.021875,52.200639,113.261367,-192.341288,-0.679842,-1.340990,-2.918403,4.069255,1.716705,3.018655,-3.932875,-0.033462,0.401770,-0.020755,-42.760771,188.495629,1235.490101,-31.931103,0
0.022917,-14.357154,169.002658,-163.903788,-0.170892,0.245985,-3.950235,3.423728,0.095699,4.030058,-3.338714,-0.022503,0.398504,-0.013287,-122.190899,188.495712,1234.172013,-32.030896,0
0.023958,-73.599034,186.821992,-102.510796,0.937488,1.974970,-4.160570,1.811776,-1.595146,4.223106,-1.847977,-0.044421,0.386811,-0.039427,-176.094358,188.571109,1233.369735,-31.973792,0
0.025000,-130.345564,190.337535,-23.969129,2.475648,3.490939,-3.989920,0.293109,-3.172043,4.151762,-0.303871,-0.106522,0.392821,-0.024490,-212.761377,188.495676,1232.057819,-31.265480,0
0.026042,-166.392030,145.686514,43.406818,3.753678,4.176143,-3.061272,-1.266604,-3.914544,3.270456,1.176193,-0.132093,0.398635,-0.013287,-210.476757,188.495691,1230.775688,-30.681302,0
0.027083,-195.632997,70.627857,94.975947,4.669788,4.644779,-1.588927,-3.035273,-4.337256,1.868761,2.887517,-0.150358,0.397328,-0.043161,-183.117868,188.495712,1230.353830,-30.122757,0
0.028125,-169.896863,4.025833,152.343372,5.812098,4.140640,-0.195954,-3.777816,-3.877787,0.429295,3.613318,-0.216112,0.391318,-0.009553,-117.248429,188.571089,1228.022571,-28.872459,0
0.029167,-124.402094,-58.033771,192.759091,6.558558,3.171414,1.526411,-4.333790,-2.933119,-1.316529,4.243057,-0.212459,0.395565,-0.043161,-41.923831,188.495740,1226.248034,-28.371754,0
0.030222,-52.093653,-114.862343,191.675758,6.524628,1.477931,3.177342,-4.072594,-1.212868,-2.961633,3.976218,-0.172276,0.407062,-0.031958,50.286597,188.495676,1224.821662,-29.205203,0
0.031254,15.507650,-169.033117,163.558334,6.072228,-0.112594,4.161551,-3.509157,0.330947,-4.019199,3.463889,-0.168623,0.411373,-0.073035,127.839266,188.495707,1223.147031,-29.020553,0
0.032291,73.728705,-186.465861,102.583902,4.884678,-1.777674,4.352043,-1.930788,1.999738,-4.182870,1.980266,-0.208806,0.391645,-0.031958,180.837924,188.495662,1222.299455,-28.456654,0
0.033333,130.520605,-189.993485,24.940909,3.470928,-3.311394,4.201237,-0.404658,3.536201,-4.128313,0.478855,-0.124787,0.397263,-0.043161,219.122274,188.495749,1221.227937,-27.484477,0
0.034375,166.204112,-145.463273,-43.518371,2.125038,-3.989497,3.232902,1.222220,4.330163,-3.242811,-1.008325,-0.088257,0.398635,-0.020755,215.751894,188.495720,1221.205110,-26.749331,0
0.035416,195.331653,-69.462306,-94.939773,1.141068,-4.454584,1.808181,2.893873,4.782280,-1.757182,-2.737438,-0.044421,0.383218,-0.031958,188.596584,188.495712,1220.851667,-26.368038,0
0.036458,169.459409,-3.681784,-152.578031,0.066618,-3.975296,0.359647,3.696118,4.311784,-0.401650,-3.481028,-0.004238,0.382238,-0.020755,123.530156,188.495644,1220.511018,-25.168315,0
0.037500,124.543107,58.172445,-192.599811,-0.702462,-3.002520,-1.327001,4.225973,3.348738,1.344174,-4.110767,-0.000585,0.418167,-0.013287,44.405397,188.495745,1220.546935,-25.068972,0
0.038541,52.631654,113.599633,-192.316667,-0.679842,-1.305487,-2.942214,4.058061,1.687299,2.951508,-3.904412,-0.022503,0.409544,-0.028224,-42.511951,188.495731,1219.674932,-24.908035,0
0.039583,-15.979131,168.761040,-163.632955,-0.182202,0.260186,-3.974046,3.431191,0.084672,4.034254,-3.342272,-0.011544,0.374399,-0.035692,-123.921329,188.495792,1219.662386,-24.560750,0
0.040625,-74.041391,186.834073,-102.609281,0.994038,1.985621,-4.148664,1.841627,-1.591470,4.214712,-1.876439,-0.062686,0.400268,-0.050629,-176.354488,188.495700,1219.798883,-24.142163,0
0.041666,-130.912689,189.938865,-24.843182,2.430408,3.473187,-4.013732,0.308034,-3.149988,4.155958,-0.332334,-0.073645,0.392756,-0.017021,-213.507837,188.495834,1219.758415,-23.706600,0
0.042708,-166.573510,145.046226,44.133144,3.742368,4.183243,-3.021586,-1.303918,-3.936599,3.270456,1.169077,-0.164970,0.397002,-0.009553,-211.800027,188.495622,1219.951358,-23.393215,0
0.043750,-195.769107,69.431847,95.209849,4.726338,4.658980,-1.600833,-2.975571,-4.370337,1.793220,2.869728,-0.143052,0.398569,-0.013287,-184.226248,188.495787,1219.757951,-23.658413,0
0.044791,-169.567931,4.762768,153.143561,5.846028,4.154841,-0.172143,-3.796473,-3.925572,0.412508,3.638223,-0.161317,0.411634,-0.035692,-120.132479,188.495693,1220.602307,-23.842927,0
0.045833,-125.116671,-58.094175,192.488258,6.535938,3.189165,1.550223,-4.318865,-2.966201,-1.312332,4.235941,-0.194194,0.416665,-0.017021,-41.380951,188.495832,1220.829810,-23.636671,0
0.046875,-51.662638,-113.666334,192.266667,6.569868,1.492132,3.113845,-4.087520,-1.256977,-2.907076,3.986892,-0.208806,0.391318,-0.020755,49.540137,188.495649,1220.589245,-22.826674,0
0.047916,15.938665,-168.634447,163.607576,6.072228,-0.073540,4.161551,-3.520351,0.312568,-3.998216,3.449657,-0.190541,0.407846,-0.031958,127.658306,188.495803,1220.132911,-22.537556,0
0.048958,73.876158,-186.308809,103.076326,4.895988,-1.759923,4.308388,-1.897206,1.992386,-4.203854,1.990940,-0.183235,0.401182,-0.065566,181.018884,188.495736,1220.448299,-22.447539,0
0.050000,130.815510,-189.679382,24.153030,3.403068,-3.279442,4.189331,-0.374807,3.550904,-4.124116,0.478855,-0.095563,0.394977,-0.024490,218.477604,188.495635,1220.485958,-22.287160,0
0.051041,166.033974,-144.569286,-44.638637,2.158968,-3.975296,3.228934,1.233414,4.260324,-3.196647,-1.001209,-0.080951,0.394258,-0.013287,217.606734,188.495797,1219.162817,-21.871907,0
0.052083,195.070775,-69.691843,-95.346023,1.152378,-4.429732,1.808181,2.856560,4.705090,-1.815935,-2.662724,-0.062686,0.388575,-0.009553,189.116844,188.495691,1218.096059,-20.533352,0
0.053125,169.334642,-4.744903,-152.898107,0.021378,-3.946894,0.391396,3.681193,4.282378,-0.439420,-3.449008,-0.037115,0.405755,-0.031958,123.202166,188.476888,1217.557754,-20.260504,0
0.054166,124.089407,58.969785,-192.550569,-0.713772,-2.991869,-1.323032,4.214778,3.308305,1.344174,-4.039610,-0.048074,0.420976,-0.020755,43.851207,188.495110,1216.381644,-20.152551,0
0.055208,51.134444,113.962060,-192.144319,-0.702462,-1.326789,-2.843000,4.013284,1.694650,2.909541,-3.879507,-0.000585,0.401901,-0.009553,-44.174521,188.496159,1215.664863,-19.285830,0
0.056250,-15.321266,169.208034,-163.374432,-0.204822,0.196281,-3.910549,3.393877,0.132457,3.992287,-3.342272,-0.029809,0.400007,-0.046895,-122.620679,188.496120,1215.242581,-18.611047,0
0.057291,-74.358981,186.302513,-102.757008,0.971418,1.900414,-4.025638,1.860284,-1.543686,4.147565,-1.865766,-0.095563,0.400203,-0.043161,-176.456278,188.496098,1214.060584,-18.137484,0
0.058333,-130.924031,189.902622,-23.341288,2.464338,3.412833,-3.942297,0.322960,-3.116907,4.139172,-0.325218,-0.117481,0.388836,-0.009553,-212.829237,188.496107,1213.527096,-17.637673,0
0.059375,-166.142495,145.372410,44.687121,3.764988,4.129989,-3.025555,-1.244216,-3.848381,3.228489,1.105036,-0.132093,0.400399,-0.009553,-210.080907,188.496067,1212.039402,-16.842523,0
0.060416,-195.190639,70.627857,95.923864,4.760268,4.602176,-1.640519,-2.912138,-4.274768,1.843581,2.798571,-0.150358,0.400072,-0.020755,-182.914288,188.496111,1210.819681,-15.809312,0
0.061458,-169.658671,4.134561,152.774243,5.823408,4.112238,-0.207860,-3.703189,-3.870435,0.492246,3.542161,-0.205153,0.407846,-0.013287,-116.999609,188.496123,1209.272088,-14.409678,0
0.062500,-123.982421,-59.024405,192.574432,6.592488,3.139461,1.486725,-4.266625,-2.918416,-1.270365,4.179016,-0.201500,0.384982,-0.005818,-40.736281,188.496156,1207.961665,-13.757511,0
0.063541,-52.093653,-113.799224,191.921970,6.558558,1.524085,3.058284,-4.035281,-1.326816,-2.793765,3.947756,-0.190541,0.407323,-0.013287,48.443067,188.496067,1206.868002,-12.162785,0
0.064583,14.781730,-169.202249,163.213637,6.049608,-0.016736,4.070273,-3.464381,0.231702,-3.914282,3.431868,-0.194194,0.408499,-0.024490,127.409486,188.496083,1205.804625,-11.115180,0
0.065625,74.477310,-186.030949,102.559281,4.895988,-1.699568,4.240922,-1.904668,1.926223,-4.098936,2.001613,-0.172276,0.382369,-0.046895,181.098054,188.496107,1204.244990,-9.985889,0
0.066666,130.713428,-189.558573,23.512879,3.436998,-3.201336,4.169488,-0.449434,3.466362,-4.056969,0.525107,-0.110175,0.394323,-0.017021,219.099654,188.496123,1202.809050,-8.898391,0
0.067708,166.158742,-145.390788,-44.330871,2.136348,-3.914942,3.268619,1.091622,4.227242,-3.251204,-0.958515,-0.113828,0.405755,-0.050629,215.763204,188.496111,1203.001489,-8.055640,0
0.068750,194.730500,-69.667681,-95.863068,1.174998,-4.362277,1.804212,2.819246,4.646278,-1.794952,-2.652050,-0.044421,0.396152,-0.020755,188.268594,188.496159,1202.133335,-8.096497,0
0.069791,169.017052,-3.065657,-152.664205,0.055308,-3.900740,0.435050,3.572983,4.216215,-0.439420,-3.370735,-0.066339,0.403012,-0.005818,122.602736,188.496225,1200.499235,-7.461386,0
0.070833,123.885242,59.271807,-192.230493,-0.668532,-2.945716,-1.239692,4.151345,3.304629,1.285421,-4.011148,-0.029809,0.400856,-0.054364,43.817277,188.496044,1199.815163,-6.670592,0
0.071875,52.472859,114.396972,-191.922728,-0.702462,-1.355191,-2.807282,3.953583,1.724056,2.804623,-3.836813,-0.026156,0.408630,-0.020755,-42.919111,188.495978,1198.764909,-5.777974,0
0.072916,-15.888391,169.087225,-163.140531,-0.159582,0.185630,-3.835146,3.360295,0.158187,3.925140,-3.264000,-0.037115,0.403991,-0.013287,-124.452899,188.560005,1197.196697,-5.487703,0
0.073958,-74.903421,186.374998,-101.969129,1.016658,1.889763,-3.997858,1.845358,-1.528983,4.105598,-1.840861,-0.026156,0.406017,-0.024490,-176.739028,188.473854,1196.451275,-5.239480,0
0.075000,-131.309676,189.431467,-24.079924,2.498268,3.384431,-3.922455,0.337885,-3.072798,4.080418,-0.367912,-0.102869,0.390796,-0.054364,-213.654867,188.567445,1195.494725,-4.703133,0
0.076041,-166.675593,145.142873,44.674811,3.697128,4.076735,-2.985869,-1.229290,-3.782217,3.220096,1.094363,-0.161317,0.399288,-0.024490,-211.766097,188.517658,1194.767820,-4.301576,0
0.077083,-195.065872,69.262715,96.046970,4.703718,4.531170,-1.588927,-2.912138,-4.245362,1.793220,2.787898,-0.175929,0.402293,-0.013287,-183.264898,188.371548,1193.922198,-4.399166,0
0.078125,-169.182286,3.397626,152.958902,5.812098,4.066084,-0.227703,-3.677069,-3.848381,0.441885,3.481678,-0.205153,0.399745,-0.061832,-119.272919,188.496214,1192.961705,-4.435302,0
0.079166,-124.946534,-58.746544,192.192804,6.547248,3.171414,1.474819,-4.210655,-2.925768,-1.240989,4.143437,-0.194194,0.416926,-0.020755,-41.324401,188.495533,1192.551763,-4.241771,0
0.080208,-51.866803,-114.354945,191.761932,6.569868,1.520534,3.006693,-4.042743,-1.293735,-2.785371,3.926409,-0.205153,0.409740,-0.028224,49.856817,188.495410,1192.144665,-4.398170,0
0.081250,16.539818,-168.815660,163.041288,6.038298,-0.006085,4.018682,-3.438261,0.330947,-3.868118,3.406963,-0.175929,0.375575,-0.005818,128.506556,188.495367,1191.358146,-5.003839,0
0.082291,74.931010,-185.789331,102.596212,4.929918,-1.713769,4.205205,-1.900937,1.893141,-4.115723,1.948246,-0.154011,0.403600,-0.035692,181.324254,188.495374,1191.034424,-5.104548,0
0.083333,131.235183,-189.147822,24.140720,3.403068,-3.176484,4.153614,-0.400926,3.462686,-4.015002,0.503760,-0.121134,0.394650,-0.020755,218.454984,188.495256,1190.509839,-5.514972,0
0.084375,166.056659,-144.581367,-45.377273,2.091108,-3.897190,3.189248,1.114010,4.190485,-3.213434,-0.962073,-0.095563,0.396152,-0.035692,217.233504,188.495322,1189.674421,-5.326158,0
0.085416,194.514993,-68.809937,-96.232387,1.186308,-4.319673,1.859772,2.767007,4.642602,-1.790755,-2.584451,-0.059033,0.407388,-0.050629,188.200734,188.495372,1189.051524,-4.431175,0
0.086458,169.051079,-4.140858,-153.045834,0.055308,-3.875888,0.419176,3.546863,4.208863,-0.456207,-3.335157,-0.037115,0.408956,-0.005818,123.089066,188.495416,1188.745871,-4.279994,0
0.087500,124.316257,59.404697,-192.181251,-0.645912,-2.935065,-1.215880,4.106569,3.264196,1.239257,-3.957780,-0.018850,0.412092,-0.024490,43.658937,188.495307,1187.712161,-4.052714,0
0.088541,50.839539,114.723157,-191.848864,-0.668532,-1.380043,-2.755691,3.893881,1.676272,2.800427,-3.758540,-0.029809,0.406996,-0.039427,-45.407311,188.495293,1186.460502,-4.239303,0
0.089583,-16.625654,169.268438,-162.845076,-0.159582,0.164328,-3.819271,3.382683,0.158187,3.895763,-3.285347,-0.029809,0.396675,-0.017021,-123.299279,188.495390,1186.348383,-3.674902,0
0.090625,-75.084901,185.650144,-102.855493,0.937488,1.825858,-3.978015,1.830433,-1.470171,4.038451,-1.801725,-0.088257,0.400529,-0.020755,-176.569378,188.495369,1184.952755,-3.579523,0
0.091666,-131.559211,189.189849,-22.910417,2.453028,3.324076,-3.906580,0.326691,-3.036040,3.992287,-0.353681,-0.069992,0.390535,-0.031958,-212.998887,188.495369,1183.586434,-3.444827,0
0.092708,-166.097125,145.034145,45.992046,3.776298,4.034131,-3.017617,-1.154663,-3.730757,3.207506,1.083689,-0.154011,0.398439,-0.020755,-209.470167,188.495247,1182.814140,-2.942037,0
0.093750,-194.702912,70.023812,96.637879,4.782888,4.467265,-1.660362,-2.833779,-4.201253,1.835187,2.716741,-0.161317,0.401901,-0.035692,-182.597608,188.495381,1182.124808,-1.887799,0
0.094791,-169.545246,4.219128,153.106629,5.812098,4.055433,-0.207860,-3.647218,-3.830002,0.479656,3.456773,-0.197847,0.411569,-0.061832,-116.954369,188.495202,1181.851120,-1.612884,0
0.095833,-123.971079,-59.616369,192.266667,6.569868,3.068456,1.439102,-4.180804,-2.881659,-1.186431,4.079396,-0.197847,0.378253,-0.020755,-39.888031,188.570712,1180.456008,-0.836661,0
0.096875,-50.834635,-114.427431,191.601895,6.569868,1.563138,2.931290,-3.971847,-1.356222,-2.730814,3.897946,-0.197847,0.416338,-0.024490,49.664547,188.495293,1179.804265,0.535251,0
0.097916,15.496307,-169.347220,162.622728,6.015678,0.018767,4.018682,-3.430799,0.209647,-3.834545,3.410521,-0.186888,0.401248,-0.050629,127.726166,188.495341,1179.439904,1.964405,0
0.098958,74.999065,-185.390661,102.707008,4.873368,-1.660515,4.181394,-1.889743,1.834329,-4.065363,2.051423,-0.146705,0.406604,-0.031958,181.335564,188.495320,1179.141857,3.622629,0
0.100000,131.235183,-189.014932,22.725000,3.414378,-3.133880,4.133771,-0.453165,3.433280,-3.973036,0.503760,-0.154011,0.390600,-0.031958,218.884764,188.570696,1178.349576,4.050631,0
0.101041,165.954577,-144.895471,-45.537311,2.147658,-3.836835,3.244808,1.050577,4.186809,-3.226024,-0.894474,-0.091910,0.398961,-0.073035,215.446524,188.495351,1178.297977,4.926581,0
0.102083,194.288143,-69.993866,-96.823296,1.118448,-4.273520,1.859772,2.711036,4.565411,-1.824329,-2.531083,-0.080951,0.398047,-0.024490,188.200734,188.495338,1177.394888,5.596892,0
0.103125,169.039737,-3.065657,-153.033523,0.066618,-3.861687,0.439019,3.528206,4.175782,-0.468797,-3.288905,-0.033462,0.415946,-0.039427,122.206886,188.495445,1176.568777,6.158517,0
0.104166,123.284090,60.383250,-192.021213,-0.702462,-2.959917,-1.207943,4.121494,3.234790,1.222470,-3.961338,-0.029809,0.393931,-0.054364,42.471388,188.570897,1176.163250,6.525446,0
0.105208,51.452034,115.049341,-191.393372,-0.679842,-1.351641,-2.763628,3.931194,1.724056,2.779443,-3.779887,-0.018850,0.409740,-0.043161,-43.416751,188.503032,1176.433890,7.221401,0
0.106250,-16.013159,169.377166,-162.561932,-0.182202,0.167878,-3.803397,3.352832,0.194944,3.891567,-3.271115,-0.033462,0.407062,-0.031958,-124.837439,188.498148,1176.192452,7.457532,0
0.107291,-75.583972,186.048814,-101.575190,0.971418,1.861361,-3.946266,1.830433,-1.473846,4.072025,-1.826630,-0.073645,0.386223,-0.031958,-177.180118,188.497916,1176.763363,8.061662,0
0.108333,-131.570554,189.117363,-22.824242,2.498268,3.270822,-3.894674,0.375199,-3.021337,4.080418,-0.353681,-0.110175,0.393931,-0.043161,-213.620937,188.513473,1177.595366,8.545518,0
0.109376,-166.845731,144.852931,45.413447,3.764988,4.027031,-2.962057,-1.154663,-3.723405,3.228489,1.058784,-0.157664,0.401574,-0.031958,-211.732167,188.509482,1177.750436,8.993080,0
0.110416,-194.770967,69.564737,96.871781,4.703718,4.492117,-1.596864,-2.811391,-4.182874,1.814204,2.766551,-0.135746,0.397982,-0.054364,-183.050008,188.359000,1177.770239,8.424248,0
0.111458,-168.910066,2.406992,153.340531,5.789478,4.051883,-0.255483,-3.639755,-3.763839,0.458672,3.456773,-0.194194,0.377470,-0.031958,-118.141919,188.509388,1176.925535,8.418907,0
0.112500,-124.175244,-59.785502,192.082008,6.569868,3.121710,1.439102,-4.188267,-2.955174,-1.194825,4.079396,-0.168623,0.416469,-0.039427,-40.781521,188.517059,1177.525087,8.952933,0
0.113541,-51.980228,-115.055638,191.380304,6.569868,1.538286,3.022567,-3.975579,-1.323141,-2.760191,3.929966,-0.161317,0.408630,-0.054364,50.218737,188.517084,1178.171662,8.270536,0
0.114583,16.800695,-169.141845,162.696591,6.060918,0.011666,4.002807,-3.430799,0.220675,-3.838741,3.374942,-0.183235,0.415293,-0.028224,129.253016,188.369896,1177.846101,8.199532,0
0.115625,75.849753,-185.668522,101.635985,4.918608,-1.656965,4.169488,-1.927056,1.918871,-4.044379,1.973151,-0.157664,0.400987,-0.017021,181.844514,188.509703,1177.549495,7.008933,0
0.116666,131.790965,-188.749152,23.611364,3.403068,-3.137431,4.141708,-0.412120,3.400198,-3.964642,0.539338,-0.117481,0.399615,-0.005818,218.737734,188.520436,1177.317141,7.550123,0
0.117708,166.351564,-144.593448,-45.672727,2.079798,-3.815534,3.177342,1.087890,4.116970,-3.146287,-0.880242,-0.088257,0.398635,-0.065566,217.346604,188.508391,1175.875749,7.477117,0
0.118750,194.310828,-68.290458,-96.958712,1.174998,-4.284170,1.820086,2.714768,4.572763,-1.782362,-2.577335,-0.048074,0.397590,-0.050629,187.397724,188.497992,1175.884738,7.008573,0
0.119791,168.665434,-2.679069,-153.353599,0.077928,-3.815534,0.474736,3.502087,4.201512,-0.414240,-3.296020,-0.066339,0.401966,-0.043161,122.308676,188.513283,1176.157318,6.633215,0
0.120833,124.100750,59.900014,-192.255114,-0.679842,-2.903112,-1.164289,4.065524,3.260520,1.239257,-3.915086,-0.026156,0.414117,-0.039427,43.534527,188.422619,1176.051384,6.494705,0
0.121875,50.907594,115.472173,-191.479546,-0.691152,-1.355191,-2.719974,3.860298,1.683623,2.783640,-3.744309,-0.015197,0.410524,-0.017021,-45.984121,188.495709,1175.555712,6.145216,0
0.122916,-17.623794,169.413409,-162.401894,-0.148272,0.146577,-3.743868,3.345369,0.246405,3.832813,-3.224863,-0.026156,0.375640,-0.005818,-124.430279,188.497547,1174.427755,7.184476,0
0.123958,-75.946932,185.481011,-102.276894,0.971418,1.829409,-3.930392,1.845358,-1.444440,4.021664,-1.840861,-0.110175,0.404645,-0.058098,-177.033088,188.495881,1173.759252,7.586660,0
0.125000,-132.228419,188.815341,-23.058144,2.475648,3.295674,-3.851020,0.386393,-2.969877,4.030058,-0.378586,-0.095563,0.396218,0.016587,-213.191157,188.571161,1172.872561,8.164326,0
0.126041,-166.346660,144.732122,46.644508,3.810228,3.973777,-3.001743,-1.106155,-3.701351,3.215899,1.001859,-0.143052,0.398700,-0.039427,-209.255277,188.495740,1172.312972,9.079816,0
0.127083,-194.578144,68.767398,97.314962,4.771578,4.488567,-1.632582,-2.762883,-4.160820,1.830991,2.684720,-0.201500,0.402620,-0.031958,-181.771978,188.495788,1171.510166,10.317418,0
0.128125,-169.136916,3.892943,153.574432,5.812098,4.023481,-0.231672,-3.580053,-3.778542,0.525819,3.446099,-0.164970,0.407062,-0.046895,-116.773409,188.495749,1171.734969,10.865066,0
0.129166,-123.834969,-60.087524,192.242046,6.524628,3.093308,1.419259,-4.106177,-2.881659,-1.199022,4.054491,-0.205153,0.414182,-0.017021,-39.458251,188.571181,1170.898558,10.385042,0
0.130208,-50.290195,-115.309337,191.454167,6.535938,1.545386,2.883667,-3.953190,-1.315789,-2.718224,3.883714,-0.216112,0.402685,-0.069301,51.191397,188.495861,1169.893451,11.023603,0
0.131260,18.071055,-169.733809,162.081061,6.060918,0.015216,3.994870,-3.427067,0.228026,-3.817758,3.421194,-0.175929,0.400725,-0.043161,129.558386,188.495803,1170.149049,11.868588,0
0.132305,76.859235,-185.451065,100.195644,4.850748,-1.674716,4.177425,-1.867355,1.874762,-4.031789,1.948246,-0.139399,0.400137,-0.039427,183.009444,188.495770,1169.490371,12.641459,0
0.133334,132.142583,-188.531696,22.207955,3.380448,-3.098378,4.074242,-0.415852,3.403874,-3.968839,0.507318,-0.117481,0.393343,-0.058098,219.043104,188.571237,1169.471537,12.687146,1
0.134375,166.079344,-144.170616,-46.706818,2.102418,-3.815534,3.201153,1.054308,4.105942,-3.171467,-0.862453,-0.048074,0.398569,-0.058098,215.050674,188.495792,1169.441927,13.426395,1
0.135416,194.322170,-69.208607,-97.475758,1.141068,-4.291271,1.851835,2.725962,4.580114,-1.845312,-2.491947,-0.077298,0.403012,-0.046895,187.917984,188.571161,1169.453762,14.822167,1
0.136458,168.620064,-3.041496,-153.710607,0.021378,-3.826185,0.458862,3.513281,4.139024,-0.498174,-3.299578,-0.044421,0.415097,-0.039427,121.844966,188.495803,1168.971287,15.421209,1
0.137500,123.102610,61.035619,-192.033523,-0.725082,-2.942165,-1.231755,4.054329,3.267871,1.209880,-3.932875,-0.037115,0.395238,-0.013287,41.329078,188.571179,1168.966414,16.240517,1
0.138554,48.899971,117.562169,-190.814773,-0.657222,-1.337440,-2.743785,3.890149,1.672596,2.758460,-3.744309,-0.037115,0.426725,-0.031958,-46.787131,188.495749,1168.715125,17.304814,1
0.139593,-17.896014,169.836241,-162.266478,-0.182202,0.167878,-3.759743,3.356563,0.183917,3.862190,-3.235537,-0.029809,0.407388,-0.039427,-126.647039,188.571154,1169.249469,16.659130,1
0.140625,-76.219152,185.903843,-101.144318,0.994038,1.840060,-3.946266,1.826702,-1.440765,4.063631,-1.833745,-0.091910,0.397002,-0.005818,-177.711688,188.495794,1169.675755,16.923901,1
0.141666,-132.126336,188.791179,-21.630114,2.543508,3.327626,-3.882769,0.349079,-2.991931,4.017468,-0.385702,-0.113828,0.393866,-0.013287,-213.485217,188.571107,1169.670535,17.128253,1
0.142708,-166.993183,144.188481,46.336743,3.787608,4.019930,-3.001743,-1.136006,-3.734433,3.224293,1.030321,-0.128440,0.399941,-0.046895,-211.777407,188.495765,1170.209923,16.822675,1
0.143750,-194.839022,69.407686,97.635038,4.771578,4.513419,-1.604802,-2.796466,-4.186550,1.847777,2.716741,-0.197847,0.400660,-0.080503,-182.948218,188.571018,1171.005375,16.622005,1
0.144791,-168.422338,2.080808,153.919129,5.823408,4.019930,-0.251515,-3.632293,-3.752811,0.454475,3.506583,-0.179582,0.402750,-0.024490,-117.180569,188.495752,1171.162000,15.858249,1
0.145833,-123.211131,-60.993592,191.946591,6.581178,3.118160,1.447039,-4.188267,-2.863280,-1.228398,4.097185,-0.179582,0.390012,-0.054364,-39.288601,188.571065,1171.520120,15.623971,1
0.146875,-51.140883,-115.865058,191.010985,6.558558,1.538286,2.982881,-4.005430,-1.356222,-2.747601,3.897946,-0.197847,0.410720,-0.035692,50.750307,188.495792,1172.137335,15.771577,1
0.147916,17.174998,-169.431787,162.438069,5.993058,0.001015,3.971059,-3.453187,0.224350,-3.826151,3.414079,-0.186888,0.412614,-0.020755,129.920306,188.571118,1172.151795,15.389286,1
0.148958,76.530303,-185.777250,100.528031,4.873368,-1.671166,4.221079,-1.915862,1.867411,-4.040183,1.955361,-0.154011,0.384851,-0.054364,182.511804,188.495803,1172.349664,15.384593,1
0.150000,132.244665,-188.519615,22.417235,3.436998,-3.140981,4.109959,-0.460628,3.363441,-4.023396,0.535781,-0.135746,0.398374,-0.020755,218.749044,188.571049,1172.686704,16.208641,1
0.151041,166.873319,-144.001484,-45.968182,2.079798,-3.836835,3.185279,1.110279,4.153727,-3.171467,-0.915821,-0.113828,0.401182,-0.054364,217.482324,188.495749,1173.459647,15.340374,1
0.152083,194.458280,-67.819303,-97.635796,1.118448,-4.326774,1.804212,2.763276,4.594817,-1.794952,-2.605798,-0.062686,0.393343,-0.035692,186.775674,188.495685,1174.047148,14.059782,1
0.153125,168.007569,-1.217279,-153.981440,0.043998,-3.861687,0.431082,3.554326,4.190485,-0.418437,-3.335157,-0.018850,0.388901,-0.013287,120.793136,188.495718,1174.757474,13.732272,1
0.154166,123.340802,60.733597,-192.181251,-0.747702,-2.927964,-1.239692,4.099106,3.271547,1.205683,-3.939991,-0.026156,0.411439,-0.024490,42.935098,188.571228,1174.910001,13.678675,1
0.155208,50.782827,116.269512,-191.085607,-0.725082,-1.348090,-2.759659,3.890149,1.698326,2.762656,-3.751425,-0.007891,0.405755,-0.054364,-46.617481,188.495754,1175.157785,13.190305,1
0.156250,-18.327029,169.630865,-162.204925,-0.182202,0.160778,-3.815303,3.322981,0.180241,3.866387,-3.288905,-0.022503,0.384329,-0.046895,-125.391629,188.495823,1175.667252,13.593567,1
0.157291,-76.706879,185.770953,-100.688826,1.027968,1.879113,-3.997858,1.830433,-1.488549,4.055238,-1.837303,-0.091910,0.405167,-0.039427,-177.711688,188.514706,1175.794642,13.360288,1
0.158333,-132.806887,188.549561,-22.602652,2.475648,3.306324,-3.882769,0.322960,-2.980904,4.042648,-0.378586,-0.080951,0.395173,-0.031958,-213.213777,188.571775,1176.064413,13.364281,1
0.159375,-167.038553,143.898540,46.792235,3.787608,3.984428,-2.981900,-1.195708,-3.734433,3.178129,1.051668,-0.154011,0.397198,-0.017021,-209.515407,188.495255,1175.703038,12.916276,1
0.160416,-194.952447,67.426417,97.819697,4.748958,4.481467,-1.588927,-2.830048,-4.208604,1.822597,2.727414,-0.186888,0.404971,-0.024490,-180.663598,188.495381,1175.726313,13.058591,1
0.161458,-168.342941,2.334507,154.202273,5.823408,4.041232,-0.223734,-3.639755,-3.793245,0.471262,3.460331,-0.186888,0.398700,-0.035692,-115.631099,188.495334,1175.735573,13.734065,1
0.162500,-123.721544,-60.389547,192.475948,6.558558,3.114609,1.447039,-4.158416,-2.892686,-1.249382,4.072280,-0.205153,0.414443,-0.024490,-39.107641,188.570749,1175.930812,13.574642,1
0.163541,-49.949920,-116.094595,191.183334,6.547248,1.502783,2.970976,-3.953190,-1.312113,-2.760191,3.873041,-0.223418,0.410589,-0.035692,52.152747,188.495334,1175.537781,13.255583,1
0.164583,18.547440,-169.588838,162.388826,6.094848,0.029418,3.975027,-3.479306,0.257432,-3.855528,3.399847,-0.197847,0.399549,-0.017021,129.648866,188.570716,1175.767313,13.031227,1
0.165625,76.484933,-185.463146,101.352841,4.918608,-1.699568,4.181394,-1.904668,1.871086,-4.031789,1.987382,-0.146705,0.402358,-0.061832,182.443944,188.495370,1175.908269,13.120852,1
0.166666,132.902530,-188.459210,22.257197,3.369138,-3.162283,4.098053,-0.404658,3.451659,-4.015002,0.493086,-0.128440,0.396414,-0.024490,219.167514,188.570788,1176.598464,12.087531,1
0.167708,158.457184,-131.920580,-48.430303,1.978008,-6.769365,6.645884,1.072965,2.852512,-1.513774,-0.898032,-0.143052,0.412288,-7.515395,123.337886,188.495389,1143.884825,5.813124,1
0.168750,129.851397,-23.566952,-104.689773,1.005348,-18.556289,17.825385,2.367750,-7.538834,10.299917,-1.776820,-0.113828,0.642362,-27.784904,8.405668,188.570836,930.107089,-111.396796,1
0.169791,128.660435,25.396952,-156.369697,-0.001242,-21.641481,20.793886,2.699842,-11.758595,14.400086,-1.915576,-0.172276,0.864271,-33.576725,3.745948,188.495327,761.499501,-341.779935,1
0.170833,117.896402,73.889701,-182.960607,-0.498882,-19.323149,17.444401,3.349101,-10.067750,13.283765,-2.580893,-0.121134,0.876814,-28.598970,3.734638,188.570767,710.154867,-573.868446,1
0.171875,67.569727,105.010110,-187.466288,-0.578052,-11.047450,8.153946,3.531938,-5.057703,8.646420,-3.061202,-0.066339,0.675156,-14.759840,3.417958,188.495341,720.481084,-691.626427,1
0.172916,11.299582,123.445569,-169.148107,-0.295302,-0.229753,-3.029523,2.882679,1.665244,1.428108,-2.829942,-0.011544,0.447629,3.086141,2.490538,188.570660,668.733537,-659.855502,1
0.173958,-15.808994,137.797683,-94.582765,1.129758,11.656579,-14.149495,1.177443,8.895445,-7.527634,-1.609601,-0.051727,0.387791,22.227906,1.370848,188.475831,478.494964,-539.721987,1
0.175000,-53.681603,127.142326,-16.939773,2.588748,23.482556,-25.868723,0.278183,16.235918,-16.403640,-0.986978,0.032292,0.508120,41.675879,1.246438,188.543904,150.159011,-443.572739,1
0.176041,-91.588240,94.693018,49.032765,3.878088,30.732224,-33.508247,0.028181,21.569431,-22.232846,-0.976304,0.050557,0.798097,53.741241,1.099408,188.494491,-220.276045,-485.152174,1
0.177083,-123.018309,30.869602,95.948485,4.748958,34.651731,-37.933218,0.263258,23.105895,-23.823392,-1.332089,0.068822,1.114270,59.081218,1.122028,188.431823,-529.626771,-676.805951,1
0.178125,-131.944856,-25.536139,145.092425,5.687688,33.842268,-36.988695,0.214750,21.176126,-21.787996,-1.317858,0.035945,1.319783,55.615834,1.246438,188.517907,-726.158893,-958.289434,1
0.179166,-124.447464,-76.904143,173.037501,6.207948,29.628087,-30.722301,-1.147200,15.658825,-17.415043,0.190669,-0.040768,1.199062,44.973222,1.416088,188.499757,-805.107714,-1211.058404,1
0.180208,-67.167836,-100.594796,187.182387,6.502008,19.534646,-18.467314,-2.244223,8.454355,-10.822038,1.596019,-0.110175,0.904838,26.604447,1.755388,188.496226,-823.811236,-1319.425018,1
0.181250,-4.579918,-112.313272,176.890720,6.230568,7.154826,-5.065407,-2.050192,0.422841,-2.306948,1.976709,-0.143052,0.585856,5.513403,2.275648,188.496083,-870.595600,-1249.263084,1
0.182291,24.456883,-124.466662,102.066856,4.850748,-5.924399,7.463412,-0.606152,-7.457968,7.441969,0.912912,-0.161317,0.389032,-15.749416,2.716738,188.495957,-984.668309,-1082.722224,1
0.183333,48.208079,-129.178214,10.746780,3.210798,-17.611915,19.206452,0.270720,-15.456400,16.624333,0.393467,-0.227071,0.429925,-35.626828,3.191758,188.571342,-1145.302384,-927.271562,1
0.184375,82.462430,-89.419959,-52.074243,1.978008,-25.667496,27.937336,0.240869,-22.208753,23.183764,0.699442,-0.238030,0.647654,-49.234435,3.564988,188.496076,-1317.476914,-909.587122,1
0.185416,111.533259,-35.635775,-101.353599,1.050588,-29.196473,32.588517,-0.583763,-25.083189,24.883424,1.563998,-0.281866,0.905622,-55.015054,3.655468,188.495939,-1496.346814,-966.964792,1
0.186458,127.083827,29.456136,-140.008902,0.281508,-28.699434,32.854412,-1.285261,-24.270849,22.680160,2.286241,-0.267254,1.073703,-52.393611,3.610228,188.496051,-1615.832849,-1029.522939,1
0.187500,125.132917,78.021370,-168.064773,-0.261372,-24.950340,27.663504,-0.363612,-18.533003,17.673506,1.240234,-0.216112,1.030066,-42.169234,3.519748,188.496105,-1699.209097,-1085.560351,1
0.188541,68.306990,100.697227,-180.486175,-0.476262,-15.836776,16.714181,0.427438,-10.354459,10.513948,0.126628,-0.139399,0.775952,-24.442750,3.203068,188.496073,-1750.072887,-1129.405619,1
0.189583,9.745660,115.544658,-166.710607,-0.216132,-4.277070,4.268702,0.308034,-1.264329,1.507845,-0.197136,-0.121134,0.477090,-3.818488,2.614948,188.496044,-1780.276530,-1159.175761,1
0.190625,-24.032307,120.389101,-99.950190,1.073208,7.992692,-7.629112,-0.975557,7.546445,-8.593594,0.610495,-0.110175,0.301954,17.130654,2.026828,188.496060,-1796.315132,-1178.224070,1
0.191676,-53.761001,122.322045,-12.458712,2.713158,19.168968,-19.126099,-1.598696,16.019049,-18.036153,0.902239,-0.026156,0.359179,36.974459,1.495258,188.571321,-1806.268056,-1202.480347,1
0.192708,-85.191069,85.064537,50.830114,3.878088,26.067158,-27.051361,-1.072573,22.278851,-24.238865,0.201343,-0.004238,0.571027,49.506601,1.280368,188.496024,-1795.704310,-1215.347699,1
0.193750,-106.390203,40.425597,104.270455,4.873368,28.584305,-31.357275,0.393856,24.833497,-25.409742,-1.236027,0.032292,0.820046,54.461951,1.257748,188.495987,-1801.383138,-1225.186556,1
0.194791,-126.931471,-27.010009,139.503410,5.585898,27.849398,-31.845410,1.513267,23.524930,-22.765826,-2.417232,0.083434,0.988128,51.579110,1.246438,188.495933,-1818.845050,-1232.592285,1
0.195833,-125.139356,-76.976628,166.094319,6.094848,24.160659,-27.035487,0.837889,17.849572,-17.528353,-1.574023,0.032292,0.980354,41.522775,1.438708,188.571370,-1852.670102,-1238.104561,1
0.196875,-67.496769,-99.785375,178.478788,6.332358,15.338217,-16.641766,0.240869,10.288554,-10.033060,-0.713024,-0.084604,0.724541,23.997940,1.732768,188.496087,-1891.984458,-1249.932524,1
0.197916,-12.701149,-116.239566,162.179546,6.026988,4.186793,-4.474088,0.244601,1.665244,-0.951417,-0.282524,-0.084604,0.446061,3.668684,2.275648,188.495980,-1925.963915,-1265.619344,1
0.198958,24.921925,-119.803433,100.515720,4.884678,-7.568178,7.110208,1.352818,-6.829414,9.032515,-0.873127,-0.117481,0.274779,-16.948110,2.728048,188.496154,-1946.441870,-1283.074923,1
0.200000,50.794169,-120.322912,13.652083,3.188178,-17.984694,17.952379,1.763268,-15.482130,18.391140,-1.051019,-0.154011,0.322727,-36.127218,3.214378,188.496009,-1954.597663,-1298.929200,1
0.201041,86.454991,-76.710848,-47.002273,2.011938,-25.543237,26.766604,1.046845,-22.693952,24.837261,-0.150884,-0.230724,0.525300,-49.708685,3.542368,188.496025,-1950.321301,-1311.156324,1
0.202083,102.901616,-42.280272,-105.539205,0.971418,-27.208317,30.639942,-0.733018,-25.810988,25.739550,1.656502,-0.252642,0.764716,-53.943324,3.610228,188.571399,-1955.380793,-1315.177943,1
0.203125,123.624365,25.698975,-138.630114,0.326748,-26.608320,31.592402,-2.251686,-25.108920,22.902585,3.100988,-0.289172,0.928747,-51.362958,3.632848,188.496006,-1969.436820,-1312.458351,1
0.204166,128.728490,79.990558,-160.715341,-0.103032,-22.947983,27.032499,-1.770339,-19.411507,17.300000,2.556638,-0.281866,0.934561,-41.239406,3.508438,188.496063,-1992.435009,-1309.268985,1
0.205208,66.004462,99.960292,-177.186932,-0.464952,-14.942106,17.515835,-1.113618,-11.038148,9.754347,1.613808,-0.186888,0.676789,-24.461421,3.203068,188.495969,-2015.106837,-1315.637066,1
0.206250,13.329890,116.354079,-159.041099,-0.057792,-4.213165,5.562461,-0.830034,-1.731149,0.697884,1.016090,-0.132093,0.428750,-4.311409,2.671498,188.571549,-2033.060855,-1321.491960,1
0.207291,-26.981357,118.564884,-102.166099,0.960108,7.023466,-5.692443,-1.800190,7.314872,-9.181131,1.457263,-0.088257,0.256226,15.827401,2.105998,188.496033,-2042.945659,-1333.317939,1
0.208334,-49.405480,119.809217,-13.172727,2.645298,16.758329,-16.062352,-1.953176,16.044779,-18.548150,1.350528,-0.059033,0.296140,34.476245,1.506568,188.493874,-2040.183184,-1332.079174,1
0.209375,-89.660015,74.989063,45.253409,3.810228,24.501485,-25.388524,-0.997945,22.929459,-24.864172,0.236922,0.017680,0.472648,48.711206,1.235128,188.492995,-2038.203780,-1329.925267,1
0.210416,-97.849300,47.263389,108.492993,4.986468,26.063608,-29.285674,1.005800,25.825950,-25.850395,-1.776820,0.094393,0.715853,52.774070,1.246438,188.569943,-2047.555925,-1326.010578,1
0.211458,-120.035231,-21.839382,138.506250,5.551968,25.580770,-30.805641,2.864022,24.848200,-22.799399,-3.634016,0.101699,0.892492,50.806120,1.257748,188.495586,-2065.839765,-1320.615727,1
0.212500,-130.515701,-83.137889,154.066857,5.868648,22.342916,-26.856900,2.408795,19.386036,-17.100291,-3.199958,0.050557,0.867930,41.052260,1.438708,188.495615,-2092.986664,-1321.667904,1
0.213541,-70.026146,-103.711669,174.342425,6.275808,14.951237,-17.832341,1.692372,11.251601,-9.437130,-2.089910,-0.004238,0.673392,24.685042,1.755388,188.495645,-2114.788159,-1330.240182,1
0.214583,-14.084934,-113.219340,156.775190,5.947818,4.595075,-6.307573,1.438639,2.275419,-0.154045,-1.520655,-0.080951,0.413660,4.676931,2.241718,188.571132,-2132.727124,-1334.401751,1
0.215625,28.642266,-119.090660,102.780872,4.907298,-6.343332,4.955267,2.058047,-6.505948,9.590676,-1.655853,-0.106522,0.243619,-15.417068,2.671498,188.495817,-2142.911033,-1349.007385,1
0.216667,47.867804,-114.789858,13.885985,3.222108,-15.634410,15.075156,2.013270,-15.559321,18.978677,-1.410362,-0.190541,0.272492,-33.763438,3.169138,188.495676,-2138.583644,-1344.997578,1
0.217708,90.912593,-74.113454,-42.632008,2.192898,-23.377567,24.790249,0.733410,-23.094609,25.177193,0.108839,-0.241683,0.451483,-48.547333,3.497128,188.495495,-2145.497099,-1343.673314,1
0.218750,95.869266,-44.889747,-106.487122,0.948798,-24.960991,28.909639,-1.483023,-26.571868,25.949384,2.318262,-0.256295,0.690834,-52.296520,3.632848,188.640187,-2148.591938,-1337.022427,1
0.219791,117.068399,14.681191,-142.864963,0.247578,-24.183480,30.441513,-3.546471,-26.094021,22.717931,4.346235,-0.322049,0.851468,-50.250151,3.598918,188.495948,-2174.349861,-1325.805970,1
0.220833,131.802308,89.027074,-144.317614,0.224958,-21.169294,27.147588,-3.539008,-20.679641,16.771217,4.328445,-0.285519,0.840362,-40.780093,3.542368,188.495997,-2194.347566,-1330.434249,1
0.221876,77.346963,109.854552,-169.271213,-0.216132,-14.420215,18.496075,-2.449448,-11.596862,8.818484,2.901749,-0.212459,0.675939,-24.491295,3.248308,188.496027,-2217.846539,-1331.203036,1
0.222918,14.838442,111.014319,-156.382008,-0.001242,-4.500737,7.173706,-2.016609,-1.738500,-0.565321,2.119022,-0.154011,0.408956,-4.613883,2.694118,188.496031,-2237.063698,-1325.038802,1
0.223960,-30.338737,119.845460,-102.178409,0.994038,6.178500,-4.188350,-2.233029,7.572175,-10.062437,1.951804,-0.135746,0.238981,15.263530,2.038138,188.496069,-2249.575810,-1335.802463,1
0.225004,-46.263608,108.646462,-15.573296,2.645298,15.455377,-14.530479,-1.956907,16.805659,-19.446242,1.428800,-0.048074,0.265829,33.763004,1.483948,188.571257,-2242.446241,-1318.772515,1
0.226047,-92.677120,77.163626,42.446591,3.719748,22.619838,-23.939991,-0.561375,23.833693,-25.212498,-0.232714,0.028639,0.426855,47.941951,1.269058,188.495982,-2257.987776,-1314.930526,1
0.227091,-98.858783,42.624321,105.058334,4.918608,24.295569,-28.253842,1.867747,26.781645,-25.972099,-2.545315,0.028639,0.658367,51.773291,1.212508,188.571312,-2263.560925,-1307.053762,1
0.228134,-110.042488,-9.504779,147.677652,5.698998,23.297941,-29.801590,4.091643,25.840653,-22.409107,-4.768969,0.127270,0.776932,49.484196,1.302988,188.495951,-2285.761086,-1296.016816,1
0.229170,-129.676356,-87.958170,142.778031,5.710308,20.876651,-27.154544,4.170002,20.374813,-16.302919,-4.840126,0.079781,0.857282,40.536933,1.427398,188.495989,-2303.851745,-1297.423875,1
0.230211,-86.586197,-116.215404,160.037500,5.993058,14.479050,-18.745115,2.919993,11.575067,-8.337596,-3.352946,0.046904,0.680447,24.610357,1.710148,188.496065,-2328.236707,-1292.600961,1
0.231251,-14.379839,-109.051428,155.802652,5.902578,4.974955,-7.752138,2.378944,2.161471,0.979062,-2.367422,-0.044421,0.424699,4.878580,2.219098,188.571342,-2343.770745,-1287.846899,1
0.232297,30.956136,-116.251647,102.473106,4.862058,-5.537419,3.792472,2.274466,-7.079365,10.564308,-1.968943,-0.099216,0.246036,-15.163139,2.705428,188.495944,-2352.883270,-1287.266403,1
0.233346,48.389559,-107.045998,16.988258,3.267348,-14.864000,14.348905,1.849090,-16.393716,19.771852,-1.221796,-0.161317,0.263804,-33.774640,3.203068,188.475415,-2352.377326,-1274.778465,1
0.234388,91.785966,-75.490677,-41.474811,2.125038,-21.531422,23.492523,0.266989,-24.006195,25.554895,0.606938,-0.252642,0.413202,-47.815420,3.463198,188.545710,-2363.921379,-1268.996563,1
0.235428,104.512251,-36.505600,-100.024053,1.039278,-23.899458,28.580247,-2.214372,-27.358479,26.041711,2.980021,-0.289172,0.668754,-52.031388,3.655468,188.715295,-2373.638826,-1263.112809,1
0.236461,104.160634,3.023118,-150.928410,0.089238,-22.344436,29.647796,-4.576329,-26.792413,22.432556,5.342432,-0.325702,0.785032,-49.174687,3.644158,188.487566,-2386.218196,-1255.158288,1
0.237502,125.166945,83.119512,-143.431250,0.236268,-20.111311,27.568258,-4.934541,-21.477279,16.141713,5.676869,-0.336661,0.850945,-40.582178,3.553678,188.487277,-2405.592366,-1251.367215,1
0.238544,92.545913,121.271007,-152.257955,0.032688,-14.029684,19.392975,-3.602442,-12.052655,7.903605,4.047375,-0.259948,0.692009,-24.621994,3.372718,188.489620,-2426.812904,-1248.439030,1
0.239586,14.702332,111.243856,-155.052463,0.021378,-5.100734,8.630176,-2.729301,-1.808340,-1.312332,2.841265,-0.186888,0.423132,-5.356999,2.852458,188.620668,-2438.657023,-1252.763632,1
0.240629,-31.495672,114.300325,-103.951137,1.016658,4.992707,-2.569167,-2.483031,7.873586,-10.729711,2.247105,-0.088257,0.243945,14.337436,1.879798,188.540080,-2442.682931,-1247.438901,1
0.241672,-50.142743,106.061148,-18.971023,2.588748,14.411595,-13.411338,-1.964370,17.077665,-19.760994,1.400337,-0.069992,0.258121,33.169258,1.450018,188.479515,-2446.905457,-1248.024752,1
0.242709,-88.106092,76.499176,40.624621,3.719748,20.681386,-22.388275,-0.057640,24.543113,-25.493676,-0.677445,0.021333,0.390077,46.586418,1.269058,188.475066,-2445.364204,-1237.573950,1
0.243752,-107.513110,36.547627,97.093372,4.794198,23.439952,-27.916512,2.393870,27.465335,-26.173540,-2.993603,0.057863,0.612901,51.713543,1.246438,188.559363,-2456.698925,-1234.098486,1
0.244794,-102.420328,-3.005253,149.992046,5.778168,22.026942,-29.321391,4.946127,26.719157,-22.375533,-5.629968,0.145535,0.779872,48.812031,1.314298,188.489911,-2468.438177,-1229.226260,1
0.245835,-120.046573,-77.085356,148.367046,5.710308,19.950029,-27.559340,5.356578,21.143044,-15.988167,-5.967963,0.105352,0.841016,40.641492,1.438708,188.492149,-2486.864732,-1225.213143,1
0.246876,-94.355810,-122.424989,146.692803,5.710308,14.255382,-19.657889,3.890149,12.082320,-7.657732,-4.356259,0.035945,0.668623,24.763461,1.710148,188.495998,-2502.912257,-1226.216822,1
0.247918,-17.442314,-112.011250,154.559281,5.834718,5.479095,-8.930807,2.890142,2.234986,1.470075,-2.922446,-0.040768,0.413986,5.517137,2.230408,188.571446,-2512.131072,-1228.929225,1
0.248960,30.967478,-110.138710,105.513826,4.952538,-4.404880,2.189165,2.602827,-7.230071,11.105682,-2.232224,-0.088257,0.249628,-14.110080,2.660188,188.495930,-2513.960351,-1221.196268,1
0.250002,53.539054,-108.121199,20.472159,3.312588,-13.617852,12.920215,1.927449,-16.327553,19.826409,-1.246701,-0.132093,0.250086,-32.673037,3.169138,188.496060,-2521.183424,-1228.929073,1
0.251044,86.171428,-74.789985,-39.012690,2.215518,-19.862791,22.111455,-0.199432,-24.465663,25.638829,0.976954,-0.263601,0.385962,-46.370265,3.497128,188.495881,-2515.269454,-1217.988666,1
0.252086,107.563384,-43.874951,-99.273106,1.107138,-22.848575,27.961148,-2.695719,-27.806920,26.171809,3.428310,-0.329355,0.617147,-51.646761,3.621538,188.571388,-2538.274999,-1213.600785,1
0.253127,98.648179,5.149357,-147.703031,0.157098,-21.307755,29.274749,-5.363648,-27.479779,22.407375,6.093137,-0.351273,0.769616,-48.707906,3.689398,188.495855,-2536.877582,-1213.605680,1
0.254169,118.542924,71.980918,-152.122538,0.055308,-19.198889,27.596038,-5.900965,-21.940423,15.709454,6.484500,-0.329355,0.853819,-40.358123,3.576298,188.495997,-2555.557174,-1204.647379,1
0.255209,95.029921,121.669676,-142.692614,0.247578,-13.763413,20.111289,-4.483045,-12.357742,7.185971,5.000878,-0.270907,0.652030,-24.640665,3.384028,188.496105,-2569.957874,-1202.906314,1
0.256250,20.237473,116.499049,-152.479546,0.077928,-5.335053,9.384207,-3.199454,-1.812015,-1.820132,3.271765,-0.208806,0.436981,-5.584788,2.886388,188.646808,-2578.495074,-1203.973009,1
0.257291,-30.588272,107.788718,-106.413258,0.903558,4.328805,-1.680205,-2.718107,8.182349,-11.304658,2.499712,-0.121134,0.249955,13.941605,1.891108,188.496082,-2579.734232,-1193.034437,1
0.258333,-57.288518,110.120332,-20.940720,2.554818,13.445919,-12.554124,-1.826310,17.136477,-19.702240,1.311391,-0.066339,0.248126,32.400002,1.450018,188.495910,-2592.315119,-1204.566443,1
0.259375,-83.852654,71.207740,37.497727,3.651888,19.690858,-21.693773,0.308034,25.105503,-25.665741,-1.015441,0.057863,0.382369,46.063623,1.280368,188.495873,-2582.147698,-1192.628222,1
0.260416,-107.592508,42.455189,96.982576,4.703718,22.321615,-27.166450,2.725962,27.902749,-26.106393,-3.388524,0.076128,0.587685,51.045112,1.246438,188.646828,-2597.031532,-1186.990936,1
0.261458,-101.683065,-7.004032,144.969319,5.676378,20.890853,-28.845161,5.621505,27.193329,-22.178289,-6.227686,0.112658,0.748973,48.154803,1.246438,188.495968,-2597.424782,-1185.038545,1
0.262500,-114.080418,-66.889073,157.156819,5.891268,18.987903,-27.341068,6.136434,21.499592,-15.459384,-6.665301,0.094393,0.793067,40.017872,1.450018,188.495984,-2614.508821,-1175.631426,1
0.263541,-95.081730,-120.975281,140.980682,5.653758,14.010413,-20.296831,4.748364,12.321244,-6.977868,-5.195911,0.065169,0.692140,24.797070,1.721458,188.492629,-2627.717037,-1172.871493,1
0.264583,-23.692032,-117.822165,150.410607,5.778168,5.585603,-9.450692,3.233428,2.253364,1.990465,-3.303136,-0.040768,0.439136,5.610493,2.151238,188.721773,-2635.755636,-1173.633292,1
0.265627,30.854053,-106.345306,106.572538,4.963848,-3.996598,1.625626,2.737156,-7.560889,11.584105,-2.374538,-0.073645,0.251523,-14.057801,2.637568,188.495700,-2637.784996,-1167.068997,1
